# Time 1/2<111>_Density <100>_Density <110>_Density Total_Density
0.000000e+00 1.360775e+16 2.427592e+15 0.000000e+00 1.603534e+16
2.000000e+01 1.212634e+16 2.660158e+15 0.000000e+00 1.478650e+16
4.000000e+01 1.188949e+16 2.671635e+15 1.518598e+13 1.457631e+16
6.000000e+01 1.257023e+16 2.485783e+15 0.000000e+00 1.505602e+16
8.000000e+01 1.196354e+16 2.840295e+15 0.000000e+00 1.480383e+16
1.000000e+02 1.163845e+16 2.887205e+15 0.000000e+00 1.452565e+16
1.200000e+02 1.160518e+16 2.856377e+15 0.000000e+00 1.446155e+16
1.400000e+02 1.160444e+16 2.882073e+15 0.000000e+00 1.448652e+16
1.600000e+02 1.165988e+16 2.868655e+15 0.000000e+00 1.452854e+16
1.800000e+02 1.151652e+16 2.841852e+15 0.000000e+00 1.435837e+16
2.000000e+02 1.072695e+16 3.118393e+15 0.000000e+00 1.384535e+16
2.200000e+02 1.102340e+16 3.292846e+15 0.000000e+00 1.431625e+16
2.400000e+02 1.071668e+16 3.134195e+15 0.000000e+00 1.385088e+16
2.600000e+02 1.065952e+16 3.141410e+15 0.000000e+00 1.380093e+16
2.800000e+02 1.060415e+16 3.042313e+15 0.000000e+00 1.364646e+16
3.000000e+02 1.030577e+16 2.885076e+15 0.000000e+00 1.319085e+16
3.200000e+02 1.019016e+16 2.888615e+15 0.000000e+00 1.307877e+16
3.400000e+02 1.017843e+16 2.921748e+15 0.000000e+00 1.310018e+16
3.600000e+02 1.019204e+16 2.974348e+15 0.000000e+00 1.316639e+16
3.800000e+02 1.026280e+16 2.933035e+15 0.000000e+00 1.319583e+16
4.000000e+02 1.026376e+16 2.928034e+15 0.000000e+00 1.319180e+16
4.200000e+02 1.004091e+16 2.877704e+15 0.000000e+00 1.291862e+16
4.400000e+02 1.057289e+16 2.829028e+15 0.000000e+00 1.340192e+16
4.600000e+02 1.130322e+16 2.986282e+15 1.785056e+13 1.430735e+16
4.800000e+02 1.127883e+16 2.951312e+15 1.960394e+13 1.424975e+16
5.000000e+02 1.094930e+16 3.463592e+15 0.000000e+00 1.441290e+16
5.200000e+02 1.030970e+16 3.786915e+15 0.000000e+00 1.409662e+16
5.400000e+02 1.088696e+16 3.774153e+15 0.000000e+00 1.466111e+16
5.600000e+02 1.039877e+16 3.938506e+15 0.000000e+00 1.433727e+16
5.800000e+02 9.313836e+15 3.973085e+15 0.000000e+00 1.328692e+16
6.000000e+02 9.664469e+15 3.747043e+15 0.000000e+00 1.341151e+16
6.200000e+02 1.030216e+16 3.583661e+15 0.000000e+00 1.388582e+16
6.400000e+02 1.232706e+16 3.245084e+15 0.000000e+00 1.557214e+16
6.600000e+02 1.475925e+16 3.107663e+15 0.000000e+00 1.786691e+16
6.800000e+02 1.549712e+16 2.877366e+15 1.515881e+13 1.838964e+16
7.000000e+02 1.461416e+16 3.214403e+15 0.000000e+00 1.782856e+16
7.200000e+02 1.611633e+16 3.224881e+15 0.000000e+00 1.934122e+16
7.400000e+02 1.540604e+16 3.202321e+15 0.000000e+00 1.860836e+16
7.600000e+02 1.588273e+16 3.321744e+15 0.000000e+00 1.920447e+16
7.800000e+02 1.542623e+16 2.940252e+15 1.992066e+13 1.838640e+16
8.000000e+02 1.551616e+16 2.927989e+15 0.000000e+00 1.844415e+16
8.200000e+02 1.547515e+16 3.235055e+15 1.306295e+13 1.872327e+16
8.400000e+02 1.553892e+16 3.265283e+15 0.000000e+00 1.880420e+16
8.600000e+02 1.647807e+16 2.899500e+15 0.000000e+00 1.937757e+16
8.800000e+02 1.712321e+16 3.149714e+15 2.020836e+13 2.029313e+16
9.000000e+02 1.819095e+16 2.887742e+15 1.811411e+13 2.109680e+16
9.200000e+02 1.960950e+16 3.409887e+15 0.000000e+00 2.301939e+16
9.400000e+02 1.790337e+16 3.620869e+15 0.000000e+00 2.152424e+16
9.600000e+02 1.802930e+16 3.882216e+15 0.000000e+00 2.191152e+16
9.800000e+02 1.757998e+16 3.955737e+15 1.529882e+13 2.155102e+16
1.000000e+03 1.906457e+16 3.892405e+15 0.000000e+00 2.295698e+16
1.020000e+03 2.008678e+16 4.007793e+15 0.000000e+00 2.409457e+16
1.040000e+03 1.894862e+16 4.131227e+15 0.000000e+00 2.307984e+16
1.060000e+03 1.802184e+16 4.402252e+15 0.000000e+00 2.242409e+16
1.080000e+03 1.711354e+16 4.280831e+15 0.000000e+00 2.139437e+16
1.100000e+03 1.788819e+16 4.445242e+15 2.357332e+13 2.235701e+16
1.120000e+03 1.864120e+16 4.089757e+15 0.000000e+00 2.273096e+16
1.140000e+03 1.890135e+16 3.788439e+15 0.000000e+00 2.268979e+16
1.160000e+03 1.746827e+16 4.080733e+15 0.000000e+00 2.154900e+16
1.180000e+03 1.787310e+16 4.033529e+15 2.919862e+13 2.193583e+16
1.200000e+03 1.842045e+16 4.174542e+15 4.059615e+13 2.263559e+16
1.220000e+03 1.841550e+16 4.333253e+15 0.000000e+00 2.274876e+16
1.240000e+03 1.788179e+16 4.797733e+15 1.257503e+13 2.269209e+16
1.260000e+03 1.833814e+16 4.569492e+15 1.329355e+13 2.292093e+16
1.280000e+03 1.906879e+16 4.554853e+15 0.000000e+00 2.362364e+16
1.300000e+03 1.966882e+16 4.524465e+15 2.928093e+13 2.422256e+16
1.320000e+03 1.897314e+16 4.784793e+15 3.112081e+13 2.378905e+16
1.340000e+03 1.897505e+16 4.507565e+15 0.000000e+00 2.348262e+16
1.360000e+03 1.927123e+16 4.522843e+15 0.000000e+00 2.379407e+16
1.380000e+03 1.936038e+16 4.376764e+15 0.000000e+00 2.373715e+16
1.400000e+03 2.030493e+16 4.398376e+15 0.000000e+00 2.470330e+16
1.420000e+03 1.984225e+16 5.110254e+15 1.519611e+13 2.496770e+16
1.440000e+03 2.021178e+16 4.640324e+15 1.565059e+13 2.486776e+16
1.460000e+03 2.016793e+16 4.258854e+15 0.000000e+00 2.442678e+16
1.480000e+03 2.094598e+16 4.012489e+15 1.056715e+13 2.496904e+16
1.500000e+03 2.121565e+16 3.610612e+15 2.693006e+13 2.485319e+16
1.520000e+03 2.321237e+16 3.257477e+15 2.374564e+13 2.649359e+16
1.540000e+03 2.187495e+16 3.489617e+15 0.000000e+00 2.536457e+16
1.560000e+03 2.155884e+16 3.480869e+15 0.000000e+00 2.503971e+16
1.580000e+03 2.177914e+16 3.288395e+15 2.060010e+13 2.508813e+16
1.600000e+03 1.927268e+16 3.075863e+15 0.000000e+00 2.234854e+16
1.620000e+03 1.880395e+16 3.217089e+15 0.000000e+00 2.202104e+16
1.640000e+03 1.648200e+16 3.635245e+15 4.408590e+13 2.016133e+16
1.660000e+03 1.599933e+16 3.640701e+15 0.000000e+00 1.964003e+16
1.680000e+03 1.601921e+16 3.399862e+15 0.000000e+00 1.941907e+16
1.700000e+03 1.597833e+16 3.331909e+15 0.000000e+00 1.931024e+16
1.720000e+03 1.560368e+16 3.461799e+15 0.000000e+00 1.906548e+16
1.740000e+03 1.577845e+16 3.427689e+15 1.428285e+13 1.922042e+16
1.760000e+03 1.578445e+16 3.325109e+15 0.000000e+00 1.910956e+16
1.780000e+03 1.557124e+16 3.470867e+15 0.000000e+00 1.904211e+16
1.800000e+03 1.543440e+16 3.457454e+15 2.283578e+13 1.891468e+16
1.820000e+03 1.547164e+16 3.371143e+15 2.472152e+13 1.886751e+16
1.840000e+03 1.565780e+16 3.407858e+15 0.000000e+00 1.906566e+16
1.860000e+03 1.554846e+16 3.348411e+15 2.299281e+13 1.891987e+16
1.880000e+03 1.556824e+16 3.356552e+15 0.000000e+00 1.892479e+16
1.900000e+03 1.523112e+16 3.420743e+15 0.000000e+00 1.865187e+16
1.920000e+03 1.524144e+16 3.271585e+15 2.182103e+13 1.853484e+16
1.940000e+03 1.512490e+16 3.326480e+15 0.000000e+00 1.845138e+16
1.960000e+03 1.505360e+16 3.171597e+15 0.000000e+00 1.822519e+16
1.980000e+03 1.396772e+16 3.218594e+15 0.000000e+00 1.718631e+16
2.000000e+03 1.407078e+16 3.128914e+15 0.000000e+00 1.719969e+16
2.020000e+03 1.507460e+16 3.199835e+15 0.000000e+00 1.827443e+16
2.040000e+03 1.685321e+16 3.191733e+15 0.000000e+00 2.004494e+16
2.060000e+03 1.603475e+16 3.969856e+15 3.782177e+13 2.004243e+16
2.080000e+03 1.640741e+16 3.994121e+15 3.877254e+13 2.044030e+16
2.100000e+03 1.612556e+16 3.868596e+15 0.000000e+00 1.999416e+16
2.120000e+03 1.352600e+16 3.743988e+15 0.000000e+00 1.726999e+16
2.140000e+03 1.326368e+16 3.747433e+15 0.000000e+00 1.701111e+16
2.160000e+03 1.457183e+16 3.844792e+15 0.000000e+00 1.841662e+16
2.180000e+03 1.368395e+16 3.715298e+15 0.000000e+00 1.739925e+16
2.200000e+03 1.294727e+16 3.129644e+15 0.000000e+00 1.607692e+16
2.220000e+03 1.314845e+16 2.900466e+15 0.000000e+00 1.604891e+16
2.240000e+03 1.421725e+16 2.822178e+15 0.000000e+00 1.703942e+16
2.260000e+03 1.449184e+16 3.110623e+15 2.018631e+13 1.762265e+16
2.280000e+03 1.523927e+16 2.730023e+15 1.558767e+13 1.798488e+16
2.300000e+03 1.495560e+16 2.433947e+15 0.000000e+00 1.738955e+16
2.320000e+03 1.624689e+16 2.229031e+15 0.000000e+00 1.847592e+16
2.340000e+03 1.647412e+16 2.898671e+15 0.000000e+00 1.937279e+16
2.360000e+03 1.588089e+16 3.111181e+15 1.977407e+13 1.901184e+16
2.380000e+03 1.305648e+16 2.895768e+15 0.000000e+00 1.595224e+16
2.400000e+03 1.200240e+16 2.960686e+15 0.000000e+00 1.496308e+16
2.420000e+03 1.293166e+16 2.822472e+15 0.000000e+00 1.575413e+16
2.440000e+03 1.381692e+16 2.827035e+15 0.000000e+00 1.664396e+16
2.460000e+03 1.083162e+16 3.103675e+15 0.000000e+00 1.393530e+16
2.480000e+03 1.055748e+16 3.118278e+15 0.000000e+00 1.367576e+16
2.500000e+03 1.056877e+16 3.134799e+15 0.000000e+00 1.370357e+16
2.520000e+03 1.044496e+16 3.122437e+15 0.000000e+00 1.356740e+16
2.540000e+03 1.046223e+16 3.114740e+15 0.000000e+00 1.357697e+16
2.560000e+03 1.024938e+16 3.171702e+15 0.000000e+00 1.342109e+16
2.580000e+03 1.031960e+16 3.127414e+15 1.769397e+13 1.346470e+16
2.600000e+03 9.871023e+15 3.254190e+15 0.000000e+00 1.312521e+16
2.620000e+03 1.007529e+16 3.158395e+15 0.000000e+00 1.323368e+16
2.640000e+03 9.934281e+15 3.233259e+15 0.000000e+00 1.316754e+16
2.660000e+03 1.000369e+16 3.161641e+15 0.000000e+00 1.316533e+16
2.680000e+03 9.958752e+15 3.212696e+15 0.000000e+00 1.317145e+16
2.700000e+03 9.659676e+15 3.331187e+15 0.000000e+00 1.299086e+16
2.720000e+03 9.677466e+15 3.358552e+15 0.000000e+00 1.303602e+16
2.740000e+03 9.667380e+15 3.411377e+15 0.000000e+00 1.307876e+16
2.760000e+03 9.520921e+15 3.378043e+15 0.000000e+00 1.289896e+16
2.780000e+03 9.533830e+15 3.383110e+15 0.000000e+00 1.291694e+16
2.800000e+03 9.567521e+15 3.345287e+15 0.000000e+00 1.291281e+16
2.820000e+03 9.473667e+15 3.382351e+15 0.000000e+00 1.285602e+16
2.840000e+03 9.526879e+15 3.341337e+15 0.000000e+00 1.286822e+16
2.860000e+03 9.581153e+15 3.335194e+15 0.000000e+00 1.291635e+16
2.880000e+03 9.568611e+15 3.381199e+15 0.000000e+00 1.294981e+16
2.900000e+03 9.572895e+15 3.344595e+15 0.000000e+00 1.291749e+16
2.920000e+03 9.505175e+15 3.364950e+15 0.000000e+00 1.287012e+16
2.940000e+03 9.557785e+15 3.355268e+15 0.000000e+00 1.291305e+16
2.960000e+03 9.569023e+15 3.371058e+15 0.000000e+00 1.294008e+16
2.980000e+03 9.538452e+15 3.361287e+15 0.000000e+00 1.289974e+16
3.000000e+03 9.639587e+15 3.288236e+15 0.000000e+00 1.292782e+16
3.020000e+03 9.542973e+15 3.317936e+15 0.000000e+00 1.286091e+16
3.040000e+03 9.528701e+15 3.323024e+15 0.000000e+00 1.285173e+16
3.060000e+03 9.552391e+15 3.323362e+15 0.000000e+00 1.287575e+16
3.080000e+03 9.562438e+15 3.323244e+15 0.000000e+00 1.288568e+16
3.100000e+03 9.660912e+15 3.294269e+15 0.000000e+00 1.295518e+16
3.120000e+03 9.549135e+15 3.318245e+15 0.000000e+00 1.286738e+16
3.140000e+03 9.574413e+15 3.353439e+15 0.000000e+00 1.292785e+16
3.160000e+03 9.570868e+15 3.328936e+15 0.000000e+00 1.289980e+16
3.180000e+03 9.548578e+15 3.338651e+15 0.000000e+00 1.288723e+16
3.200000e+03 9.597724e+15 3.264477e+15 0.000000e+00 1.286220e+16
3.220000e+03 9.516688e+15 3.283778e+15 0.000000e+00 1.280047e+16
3.240000e+03 9.524433e+15 3.232708e+15 0.000000e+00 1.275714e+16
3.260000e+03 9.516115e+15 3.246125e+15 0.000000e+00 1.276224e+16
3.280000e+03 9.514212e+15 3.265111e+15 0.000000e+00 1.277932e+16
3.300000e+03 9.572631e+15 3.179859e+15 0.000000e+00 1.275249e+16
3.320000e+03 9.542022e+15 3.173827e+15 0.000000e+00 1.271585e+16
3.340000e+03 9.485210e+15 3.238162e+15 0.000000e+00 1.272337e+16
3.360000e+03 9.526919e+15 3.205543e+15 0.000000e+00 1.273246e+16
3.380000e+03 9.525950e+15 3.213058e+15 0.000000e+00 1.273901e+16
3.400000e+03 9.501144e+15 3.237264e+15 0.000000e+00 1.273841e+16
3.420000e+03 9.472902e+15 3.235333e+15 0.000000e+00 1.270823e+16
3.440000e+03 9.505233e+15 3.191347e+15 0.000000e+00 1.269658e+16
3.460000e+03 9.489542e+15 3.220803e+15 0.000000e+00 1.271035e+16
3.480000e+03 9.467596e+15 3.226632e+15 0.000000e+00 1.269423e+16
3.500000e+03 9.578010e+15 3.191891e+15 0.000000e+00 1.276990e+16
3.520000e+03 9.534787e+15 3.191839e+15 0.000000e+00 1.272663e+16
3.540000e+03 9.475798e+15 3.211289e+15 0.000000e+00 1.268709e+16
3.560000e+03 9.525898e+15 3.205734e+15 0.000000e+00 1.273163e+16
3.580000e+03 9.523666e+15 3.210507e+15 0.000000e+00 1.273417e+16
3.600000e+03 9.572302e+15 3.181672e+15 0.000000e+00 1.275397e+16
3.620000e+03 9.474276e+15 3.236772e+15 0.000000e+00 1.271105e+16
3.640000e+03 9.566697e+15 3.175557e+15 0.000000e+00 1.274225e+16
3.660000e+03 9.541377e+15 3.178760e+15 0.000000e+00 1.272014e+16
3.680000e+03 9.509919e+15 3.229486e+15 0.000000e+00 1.273940e+16
3.700000e+03 9.459508e+15 3.254575e+15 0.000000e+00 1.271408e+16
3.720000e+03 9.531628e+15 3.240854e+15 0.000000e+00 1.277248e+16
3.740000e+03 9.567567e+15 3.183252e+15 0.000000e+00 1.275082e+16
3.760000e+03 9.488792e+15 3.206690e+15 0.000000e+00 1.269548e+16
3.780000e+03 9.615250e+15 3.175372e+15 0.000000e+00 1.279062e+16
3.800000e+03 9.470375e+15 3.240244e+15 0.000000e+00 1.271062e+16
3.820000e+03 9.511131e+15 3.218490e+15 0.000000e+00 1.272962e+16
3.840000e+03 9.536934e+15 3.215109e+15 0.000000e+00 1.275204e+16
3.860000e+03 9.504218e+15 3.221490e+15 0.000000e+00 1.272571e+16
3.880000e+03 9.520401e+15 3.202915e+15 0.000000e+00 1.272332e+16
3.900000e+03 9.523463e+15 3.198797e+15 0.000000e+00 1.272226e+16
3.920000e+03 9.522836e+15 3.197673e+15 0.000000e+00 1.272051e+16
3.940000e+03 9.474967e+15 3.254182e+15 0.000000e+00 1.272915e+16
3.960000e+03 9.468717e+15 3.210250e+15 0.000000e+00 1.267897e+16
3.980000e+03 9.521550e+15 3.236367e+15 0.000000e+00 1.275792e+16
4.000000e+03 9.514126e+15 3.195478e+15 0.000000e+00 1.270960e+16
4.020000e+03 9.502973e+15 3.221784e+15 0.000000e+00 1.272476e+16
4.040000e+03 9.450368e+15 3.263032e+15 0.000000e+00 1.271340e+16
4.060000e+03 9.530612e+15 3.211222e+15 0.000000e+00 1.274183e+16
4.080000e+03 9.508761e+15 3.202180e+15 0.000000e+00 1.271094e+16
4.100000e+03 9.578194e+15 3.176682e+15 0.000000e+00 1.275488e+16
4.120000e+03 9.453150e+15 3.249204e+15 0.000000e+00 1.270235e+16
4.140000e+03 9.496764e+15 3.234055e+15 0.000000e+00 1.273082e+16
4.160000e+03 9.511145e+15 3.220295e+15 0.000000e+00 1.273144e+16
4.180000e+03 9.452986e+15 3.248549e+15 0.000000e+00 1.270153e+16
4.200000e+03 9.517536e+15 3.185721e+15 0.000000e+00 1.270326e+16
4.220000e+03 9.429834e+15 3.223331e+15 0.000000e+00 1.265316e+16
4.240000e+03 9.330040e+15 3.252113e+15 0.000000e+00 1.258215e+16
4.260000e+03 9.353942e+15 3.270841e+15 0.000000e+00 1.262478e+16
4.280000e+03 9.398447e+15 3.226560e+15 0.000000e+00 1.262501e+16
4.300000e+03 9.402656e+15 3.255754e+15 0.000000e+00 1.265841e+16
4.320000e+03 9.404689e+15 3.216936e+15 0.000000e+00 1.262162e+16
4.340000e+03 9.417541e+15 3.270311e+15 0.000000e+00 1.268785e+16
4.360000e+03 9.485528e+15 3.226385e+15 0.000000e+00 1.271191e+16
4.380000e+03 9.371939e+15 3.236675e+15 0.000000e+00 1.260861e+16
4.400000e+03 9.397443e+15 3.267775e+15 0.000000e+00 1.266522e+16
4.420000e+03 9.407678e+15 3.250726e+15 0.000000e+00 1.265840e+16
4.440000e+03 9.381415e+15 3.244342e+15 0.000000e+00 1.262576e+16
4.460000e+03 9.341877e+15 3.276688e+15 0.000000e+00 1.261856e+16
4.480000e+03 9.424136e+15 3.205561e+15 0.000000e+00 1.262970e+16
4.500000e+03 9.358647e+15 3.287485e+15 0.000000e+00 1.264613e+16
4.520000e+03 9.383967e+15 3.239277e+15 0.000000e+00 1.262324e+16
4.540000e+03 9.362528e+15 3.270306e+15 0.000000e+00 1.263283e+16
4.560000e+03 9.374834e+15 3.270559e+15 0.000000e+00 1.264539e+16
4.580000e+03 9.398183e+15 3.228197e+15 0.000000e+00 1.262638e+16
4.600000e+03 9.452992e+15 3.174773e+15 0.000000e+00 1.262777e+16
4.620000e+03 9.321607e+15 3.284886e+15 0.000000e+00 1.260649e+16
4.640000e+03 9.358116e+15 3.245830e+15 0.000000e+00 1.260395e+16
4.660000e+03 9.363750e+15 3.259852e+15 0.000000e+00 1.262360e+16
4.680000e+03 9.415096e+15 3.227311e+15 0.000000e+00 1.264241e+16
4.700000e+03 9.388692e+15 3.264985e+15 0.000000e+00 1.265368e+16
4.720000e+03 9.434043e+15 3.244278e+15 0.000000e+00 1.267832e+16
4.740000e+03 9.389681e+15 3.257834e+15 0.000000e+00 1.264752e+16
4.760000e+03 9.427792e+15 3.249048e+15 0.000000e+00 1.267684e+16
4.780000e+03 9.374872e+15 3.259918e+15 0.000000e+00 1.263479e+16
4.800000e+03 9.431542e+15 3.181576e+15 0.000000e+00 1.261312e+16
4.820000e+03 9.416108e+15 3.245719e+15 0.000000e+00 1.266183e+16
4.840000e+03 9.427401e+15 3.252402e+15 0.000000e+00 1.267980e+16
4.860000e+03 9.445319e+15 3.224603e+15 0.000000e+00 1.266992e+16
4.880000e+03 9.361530e+15 3.252228e+15 0.000000e+00 1.261376e+16
4.900000e+03 9.349495e+15 3.228805e+15 0.000000e+00 1.257830e+16
4.920000e+03 9.406589e+15 3.237868e+15 0.000000e+00 1.264446e+16
4.940000e+03 9.442931e+15 3.176697e+15 0.000000e+00 1.261963e+16
4.960000e+03 9.418653e+15 3.202077e+15 0.000000e+00 1.262073e+16
4.980000e+03 9.395341e+15 3.216819e+15 0.000000e+00 1.261216e+16
5.000000e+03 9.390526e+15 3.226053e+15 0.000000e+00 1.261658e+16
