# Time 1/2<111>_Density <100>_Density <110>_Density Total_Density
0.000000e+00 1.360775e+16 2.427592e+15 0.000000e+00 1.603534e+16
1.000000e+00 1.364033e+16 2.408894e+15 0.000000e+00 1.604923e+16
2.000000e+00 1.388980e+16 2.401474e+15 0.000000e+00 1.629128e+16
3.000000e+00 1.422243e+16 2.346030e+15 0.000000e+00 1.656846e+16
4.000000e+00 1.420351e+16 2.290728e+15 0.000000e+00 1.649424e+16
5.000000e+00 1.407617e+16 2.335514e+15 0.000000e+00 1.641169e+16
6.000000e+00 1.404668e+16 2.440814e+15 0.000000e+00 1.648749e+16
7.000000e+00 1.387816e+16 2.486082e+15 0.000000e+00 1.636424e+16
8.000000e+00 1.395562e+16 2.440382e+15 0.000000e+00 1.639600e+16
9.000000e+00 1.402185e+16 2.405639e+15 0.000000e+00 1.642749e+16
1.000000e+01 1.380309e+16 2.354787e+15 0.000000e+00 1.615787e+16
1.100000e+01 1.360839e+16 2.352299e+15 7.862598e+12 1.596855e+16
1.200000e+01 1.356647e+16 2.425255e+15 0.000000e+00 1.599173e+16
1.300000e+01 1.337726e+16 2.416824e+15 0.000000e+00 1.579409e+16
1.400000e+01 1.343718e+16 2.356285e+15 0.000000e+00 1.579346e+16
1.500000e+01 1.327189e+16 2.436782e+15 0.000000e+00 1.570867e+16
1.600000e+01 1.313054e+16 2.510530e+15 0.000000e+00 1.564107e+16
1.700000e+01 1.337752e+16 2.446260e+15 0.000000e+00 1.582378e+16
1.800000e+01 1.310713e+16 2.525847e+15 0.000000e+00 1.563298e+16
1.900000e+01 1.312731e+16 2.519654e+15 0.000000e+00 1.564696e+16
2.000000e+01 1.308829e+16 2.593933e+15 0.000000e+00 1.568222e+16
2.100000e+01 1.320459e+16 2.610638e+15 0.000000e+00 1.581523e+16
2.200000e+01 1.344184e+16 2.539736e+15 0.000000e+00 1.598157e+16
2.300000e+01 1.365081e+16 2.520913e+15 0.000000e+00 1.617172e+16
2.400000e+01 1.384657e+16 2.486624e+15 0.000000e+00 1.633319e+16
2.500000e+01 1.381501e+16 2.408901e+15 0.000000e+00 1.622391e+16
2.600000e+01 1.388412e+16 2.447807e+15 0.000000e+00 1.633192e+16
2.700000e+01 1.392295e+16 2.455374e+15 0.000000e+00 1.637832e+16
2.800000e+01 1.395840e+16 2.488799e+15 0.000000e+00 1.644720e+16
2.900000e+01 1.407203e+16 2.605030e+15 0.000000e+00 1.667706e+16
3.000000e+01 1.394025e+16 2.747914e+15 0.000000e+00 1.668816e+16
3.100000e+01 1.398044e+16 2.796006e+15 0.000000e+00 1.677645e+16
3.200000e+01 1.409047e+16 2.841437e+15 0.000000e+00 1.693190e+16
3.300000e+01 1.397134e+16 2.881408e+15 0.000000e+00 1.685275e+16
3.400000e+01 1.371106e+16 3.000890e+15 0.000000e+00 1.671194e+16
3.500000e+01 1.379684e+16 3.071608e+15 0.000000e+00 1.686844e+16
3.600000e+01 1.376141e+16 3.155097e+15 0.000000e+00 1.691650e+16
3.700000e+01 1.345708e+16 3.361606e+15 0.000000e+00 1.681869e+16
3.800000e+01 1.336826e+16 3.426164e+15 0.000000e+00 1.679443e+16
3.900000e+01 1.324418e+16 3.462219e+15 0.000000e+00 1.670640e+16
4.000000e+01 1.303583e+16 3.545637e+15 0.000000e+00 1.658147e+16
4.100000e+01 1.285598e+16 3.673294e+15 0.000000e+00 1.652927e+16
4.200000e+01 1.300292e+16 3.595694e+15 1.216426e+13 1.661078e+16
4.300000e+01 1.280309e+16 3.563290e+15 0.000000e+00 1.636638e+16
4.400000e+01 1.287246e+16 3.574109e+15 0.000000e+00 1.644657e+16
4.500000e+01 1.291272e+16 3.565288e+15 0.000000e+00 1.647801e+16
4.600000e+01 1.293817e+16 3.602625e+15 0.000000e+00 1.654080e+16
4.700000e+01 1.301054e+16 3.567352e+15 0.000000e+00 1.657789e+16
4.800000e+01 1.299140e+16 3.627956e+15 0.000000e+00 1.661936e+16
4.900000e+01 1.302932e+16 3.693013e+15 0.000000e+00 1.672234e+16
5.000000e+01 1.315025e+16 3.600508e+15 0.000000e+00 1.675076e+16
5.100000e+01 1.317218e+16 3.597625e+15 0.000000e+00 1.676981e+16
5.200000e+01 1.323622e+16 3.558817e+15 0.000000e+00 1.679504e+16
5.300000e+01 1.331068e+16 3.629768e+15 0.000000e+00 1.694045e+16
5.400000e+01 1.350413e+16 3.657899e+15 0.000000e+00 1.716203e+16
5.500000e+01 1.362621e+16 3.677521e+15 0.000000e+00 1.730373e+16
5.600000e+01 1.365287e+16 3.743528e+15 0.000000e+00 1.739640e+16
5.700000e+01 1.394262e+16 3.591267e+15 1.679459e+13 1.755068e+16
5.800000e+01 1.406233e+16 3.547503e+15 2.364614e+13 1.763348e+16
5.900000e+01 1.407789e+16 3.603219e+15 0.000000e+00 1.768111e+16
6.000000e+01 1.427023e+16 3.500793e+15 0.000000e+00 1.777102e+16
6.100000e+01 1.412475e+16 3.507567e+15 0.000000e+00 1.763232e+16
6.200000e+01 1.427793e+16 3.542833e+15 0.000000e+00 1.782077e+16
6.300000e+01 1.412785e+16 3.456140e+15 0.000000e+00 1.758399e+16
6.400000e+01 1.402531e+16 3.514016e+15 0.000000e+00 1.753933e+16
6.500000e+01 1.416276e+16 3.512587e+15 0.000000e+00 1.767534e+16
6.600000e+01 1.436122e+16 3.563095e+15 0.000000e+00 1.792431e+16
6.700000e+01 1.432220e+16 3.591498e+15 0.000000e+00 1.791369e+16
6.800000e+01 1.419950e+16 3.535354e+15 0.000000e+00 1.773485e+16
6.900000e+01 1.430092e+16 3.623355e+15 0.000000e+00 1.792428e+16
7.000000e+01 1.451829e+16 3.603035e+15 0.000000e+00 1.812132e+16
7.100000e+01 1.470489e+16 3.666312e+15 1.758358e+13 1.838879e+16
7.200000e+01 1.463528e+16 3.782344e+15 0.000000e+00 1.841762e+16
7.300000e+01 1.466512e+16 3.704392e+15 0.000000e+00 1.836951e+16
7.400000e+01 1.476794e+16 3.611961e+15 0.000000e+00 1.837990e+16
7.500000e+01 1.517975e+16 3.403234e+15 0.000000e+00 1.858299e+16
7.600000e+01 1.548745e+16 3.297063e+15 0.000000e+00 1.878452e+16
7.700000e+01 1.553038e+16 3.161313e+15 0.000000e+00 1.869169e+16
7.800000e+01 1.559539e+16 3.095814e+15 0.000000e+00 1.869121e+16
7.900000e+01 1.563492e+16 3.160901e+15 0.000000e+00 1.879582e+16
8.000000e+01 1.594392e+16 3.072312e+15 0.000000e+00 1.901623e+16
8.100000e+01 1.592661e+16 3.081585e+15 0.000000e+00 1.900819e+16
8.200000e+01 1.602955e+16 3.052501e+15 1.146208e+13 1.909351e+16
8.300000e+01 1.636994e+16 2.976642e+15 0.000000e+00 1.934658e+16
8.400000e+01 1.672096e+16 3.020902e+15 0.000000e+00 1.974187e+16
8.500000e+01 1.657909e+16 3.041010e+15 1.902817e+13 1.963913e+16
8.600000e+01 1.647626e+16 3.083583e+15 0.000000e+00 1.955985e+16
8.700000e+01 1.671989e+16 2.973718e+15 0.000000e+00 1.969360e+16
8.800000e+01 1.684192e+16 2.986113e+15 0.000000e+00 1.982803e+16
8.900000e+01 1.672196e+16 3.120558e+15 0.000000e+00 1.984251e+16
9.000000e+01 1.680335e+16 3.176339e+15 0.000000e+00 1.997969e+16
9.100000e+01 1.683590e+16 3.150005e+15 0.000000e+00 1.998590e+16
9.200000e+01 1.688645e+16 3.228116e+15 0.000000e+00 2.011456e+16
9.300000e+01 1.711280e+16 3.205926e+15 0.000000e+00 2.031872e+16
9.400000e+01 1.713729e+16 3.272625e+15 0.000000e+00 2.040991e+16
9.500000e+01 1.734850e+16 3.256113e+15 0.000000e+00 2.060462e+16
9.600000e+01 1.754858e+16 3.191719e+15 0.000000e+00 2.074030e+16
9.700000e+01 1.752458e+16 3.308516e+15 0.000000e+00 2.083309e+16
9.800000e+01 1.768309e+16 3.333268e+15 0.000000e+00 2.101636e+16
9.900000e+01 1.796731e+16 3.280756e+15 0.000000e+00 2.124807e+16
1.000000e+02 1.811122e+16 3.275459e+15 0.000000e+00 2.138668e+16
1.010000e+02 1.821314e+16 3.353654e+15 0.000000e+00 2.156679e+16
1.020000e+02 1.805106e+16 3.485273e+15 0.000000e+00 2.153633e+16
1.030000e+02 1.823200e+16 3.461659e+15 0.000000e+00 2.169365e+16
1.040000e+02 1.845414e+16 3.445423e+15 0.000000e+00 2.189956e+16
1.050000e+02 1.845481e+16 3.445438e+15 0.000000e+00 2.190024e+16
1.060000e+02 1.873111e+16 3.437654e+15 0.000000e+00 2.216877e+16
1.070000e+02 1.869815e+16 3.574317e+15 0.000000e+00 2.227247e+16
1.080000e+02 1.889351e+16 3.700911e+15 0.000000e+00 2.259442e+16
1.090000e+02 1.911400e+16 3.625759e+15 0.000000e+00 2.273976e+16
1.100000e+02 1.937804e+16 3.522346e+15 0.000000e+00 2.290039e+16
1.110000e+02 1.919496e+16 3.676413e+15 0.000000e+00 2.287137e+16
1.120000e+02 1.861681e+16 3.697907e+15 0.000000e+00 2.231472e+16
1.130000e+02 1.866854e+16 3.603881e+15 1.087952e+13 2.228330e+16
1.140000e+02 1.870354e+16 3.676183e+15 0.000000e+00 2.237972e+16
1.150000e+02 1.896529e+16 3.620893e+15 1.480855e+13 2.260099e+16
1.160000e+02 1.901613e+16 3.485462e+15 0.000000e+00 2.250159e+16
1.170000e+02 1.909432e+16 3.591005e+15 0.000000e+00 2.268532e+16
1.180000e+02 1.927318e+16 3.584336e+15 1.215861e+13 2.286968e+16
1.190000e+02 1.957588e+16 3.464571e+15 1.786636e+13 2.305832e+16
1.200000e+02 1.974191e+16 3.388801e+15 0.000000e+00 2.313071e+16
1.210000e+02 2.009580e+16 3.324573e+15 1.410766e+13 2.343448e+16
1.220000e+02 2.022995e+16 3.278862e+15 2.107198e+13 2.352989e+16
1.230000e+02 2.022896e+16 3.397580e+15 1.995417e+13 2.364650e+16
1.240000e+02 2.053491e+16 3.344573e+15 1.810365e+13 2.389759e+16
1.250000e+02 2.073863e+16 3.430565e+15 0.000000e+00 2.416919e+16
1.260000e+02 2.111778e+16 3.434219e+15 0.000000e+00 2.455200e+16
1.270000e+02 2.141163e+16 3.366707e+15 0.000000e+00 2.477834e+16
1.280000e+02 2.172690e+16 3.531175e+15 0.000000e+00 2.525808e+16
1.290000e+02 2.234021e+16 3.507021e+15 0.000000e+00 2.584723e+16
1.300000e+02 2.212223e+16 3.484783e+15 3.323513e+13 2.564024e+16
1.310000e+02 2.235222e+16 3.564481e+15 2.777141e+13 2.594447e+16
1.320000e+02 2.215045e+16 3.802060e+15 0.000000e+00 2.595251e+16
1.330000e+02 2.205703e+16 3.673526e+15 0.000000e+00 2.573056e+16
1.340000e+02 2.197933e+16 3.801100e+15 0.000000e+00 2.578043e+16
1.350000e+02 2.202021e+16 3.718005e+15 0.000000e+00 2.573822e+16
1.360000e+02 2.206347e+16 3.691010e+15 0.000000e+00 2.575448e+16
1.370000e+02 2.233806e+16 3.634109e+15 0.000000e+00 2.597217e+16
1.380000e+02 2.253752e+16 3.430028e+15 0.000000e+00 2.596755e+16
1.390000e+02 2.276831e+16 3.254591e+15 0.000000e+00 2.602291e+16
1.400000e+02 2.345882e+16 3.129102e+15 0.000000e+00 2.658792e+16
1.410000e+02 2.352205e+16 3.155942e+15 0.000000e+00 2.667799e+16
1.420000e+02 2.377513e+16 3.228639e+15 0.000000e+00 2.700377e+16
1.430000e+02 2.403199e+16 3.173496e+15 0.000000e+00 2.720548e+16
1.440000e+02 2.427227e+16 3.086739e+15 0.000000e+00 2.735901e+16
1.450000e+02 2.457361e+16 2.939419e+15 2.991771e+13 2.754294e+16
1.460000e+02 2.487808e+16 2.931804e+15 0.000000e+00 2.780988e+16
1.470000e+02 2.465931e+16 2.949522e+15 0.000000e+00 2.760883e+16
1.480000e+02 2.425535e+16 3.020903e+15 0.000000e+00 2.727625e+16
1.490000e+02 2.427495e+16 2.966271e+15 0.000000e+00 2.724122e+16
1.500000e+02 2.444485e+16 3.065992e+15 0.000000e+00 2.751084e+16
1.510000e+02 2.404397e+16 3.297467e+15 0.000000e+00 2.734144e+16
1.520000e+02 2.441165e+16 3.297446e+15 0.000000e+00 2.770909e+16
1.530000e+02 2.463106e+16 3.074523e+15 0.000000e+00 2.770558e+16
1.540000e+02 2.467988e+16 3.349327e+15 0.000000e+00 2.802921e+16
1.550000e+02 2.465605e+16 3.197604e+15 0.000000e+00 2.785365e+16
1.560000e+02 2.455488e+16 3.207819e+15 0.000000e+00 2.776270e+16
1.570000e+02 2.419739e+16 3.078232e+15 0.000000e+00 2.727562e+16
1.580000e+02 2.432681e+16 3.008476e+15 0.000000e+00 2.733528e+16
1.590000e+02 2.377911e+16 2.986312e+15 0.000000e+00 2.676543e+16
1.600000e+02 2.367058e+16 2.835592e+15 1.606365e+13 2.652223e+16
1.610000e+02 2.335453e+16 3.069963e+15 0.000000e+00 2.642449e+16
1.620000e+02 2.343977e+16 3.041005e+15 0.000000e+00 2.648078e+16
1.630000e+02 2.337176e+16 3.136406e+15 1.615283e+13 2.652432e+16
1.640000e+02 2.372807e+16 3.073736e+15 0.000000e+00 2.680181e+16
1.650000e+02 2.437205e+16 3.107994e+15 0.000000e+00 2.748004e+16
1.660000e+02 2.472168e+16 3.164927e+15 0.000000e+00 2.788661e+16
1.670000e+02 2.456368e+16 2.979731e+15 0.000000e+00 2.754341e+16
1.680000e+02 2.468501e+16 2.937335e+15 0.000000e+00 2.762235e+16
1.690000e+02 2.520710e+16 2.641192e+15 0.000000e+00 2.784830e+16
1.700000e+02 2.520236e+16 2.662056e+15 0.000000e+00 2.786442e+16
1.710000e+02 2.555552e+16 2.791416e+15 0.000000e+00 2.834693e+16
1.720000e+02 2.584704e+16 2.885639e+15 0.000000e+00 2.873268e+16
1.730000e+02 2.593095e+16 3.095672e+15 0.000000e+00 2.902662e+16
1.740000e+02 2.623182e+16 2.940687e+15 0.000000e+00 2.917250e+16
1.750000e+02 2.716772e+16 3.062987e+15 0.000000e+00 3.023071e+16
1.760000e+02 2.675744e+16 2.972540e+15 0.000000e+00 2.972998e+16
1.770000e+02 2.671424e+16 2.962969e+15 0.000000e+00 2.967721e+16
1.780000e+02 2.684546e+16 2.838491e+15 0.000000e+00 2.968395e+16
1.790000e+02 2.659381e+16 2.825338e+15 0.000000e+00 2.941915e+16
1.800000e+02 2.649398e+16 3.008725e+15 0.000000e+00 2.950271e+16
1.810000e+02 2.620521e+16 3.266924e+15 1.853236e+13 2.949066e+16
1.820000e+02 2.693337e+16 3.173482e+15 0.000000e+00 3.010686e+16
1.830000e+02 2.649689e+16 3.147249e+15 4.674550e+13 2.969088e+16
1.840000e+02 2.688586e+16 3.073805e+15 2.392678e+13 2.998359e+16
1.850000e+02 2.609791e+16 3.435421e+15 2.185064e+13 2.955519e+16
1.860000e+02 2.590893e+16 3.666367e+15 1.994924e+13 2.959524e+16
1.870000e+02 2.552253e+16 3.837270e+15 3.611814e+13 2.939592e+16
1.880000e+02 2.558603e+16 4.039932e+15 4.986031e+13 2.967582e+16
1.890000e+02 2.536953e+16 3.860072e+15 3.720293e+13 2.926680e+16
1.900000e+02 2.555721e+16 3.764347e+15 4.223395e+13 2.936379e+16
1.910000e+02 2.523804e+16 3.875643e+15 4.800836e+13 2.916169e+16
1.920000e+02 2.539906e+16 3.864788e+15 3.745819e+13 2.930130e+16
1.930000e+02 2.543814e+16 3.980724e+15 1.562524e+13 2.943449e+16
1.940000e+02 2.568874e+16 4.049227e+15 0.000000e+00 2.973797e+16
1.950000e+02 2.524362e+16 3.895345e+15 2.640946e+13 2.916538e+16
1.960000e+02 2.568599e+16 3.834596e+15 0.000000e+00 2.952058e+16
1.970000e+02 2.577637e+16 3.742457e+15 0.000000e+00 2.951883e+16
1.980000e+02 2.574426e+16 3.773324e+15 0.000000e+00 2.951759e+16
1.990000e+02 2.579125e+16 3.803227e+15 0.000000e+00 2.959448e+16
2.000000e+02 2.625829e+16 3.873559e+15 0.000000e+00 3.013185e+16
2.010000e+02 2.607705e+16 4.126587e+15 0.000000e+00 3.020364e+16
2.020000e+02 2.613633e+16 4.235936e+15 1.882754e+13 3.039109e+16
2.030000e+02 2.627388e+16 4.256708e+15 0.000000e+00 3.053059e+16
2.040000e+02 2.614334e+16 4.235133e+15 0.000000e+00 3.037847e+16
2.050000e+02 2.598427e+16 4.268782e+15 0.000000e+00 3.025306e+16
2.060000e+02 2.575712e+16 4.183306e+15 0.000000e+00 2.994043e+16
2.070000e+02 2.580861e+16 4.048113e+15 9.430100e+12 2.986615e+16
2.080000e+02 2.624019e+16 3.792798e+15 0.000000e+00 3.003299e+16
2.090000e+02 2.654427e+16 3.425271e+15 8.728643e+12 2.997827e+16
2.100000e+02 2.658950e+16 3.234378e+15 0.000000e+00 2.982388e+16
2.110000e+02 2.703446e+16 3.130625e+15 0.000000e+00 3.016509e+16
2.120000e+02 2.715730e+16 3.041846e+15 0.000000e+00 3.019915e+16
2.130000e+02 2.729989e+16 3.081698e+15 2.267244e+13 3.040426e+16
2.140000e+02 2.730521e+16 3.142576e+15 2.773967e+13 3.047553e+16
2.150000e+02 2.732123e+16 3.067448e+15 1.997797e+13 3.040865e+16
2.160000e+02 2.775731e+16 3.228217e+15 1.917507e+13 3.100470e+16
2.170000e+02 2.851165e+16 3.024744e+15 1.960290e+13 3.155600e+16
2.180000e+02 2.826456e+16 3.103369e+15 5.052650e+13 3.141845e+16
2.190000e+02 2.848875e+16 3.155897e+15 2.147620e+13 3.166612e+16
2.200000e+02 2.867977e+16 3.222647e+15 4.746276e+13 3.194988e+16
2.210000e+02 2.909398e+16 3.224383e+15 8.435773e+13 3.240272e+16
2.220000e+02 2.938121e+16 3.129499e+15 7.171897e+13 3.258243e+16
2.230000e+02 2.969760e+16 3.086189e+15 1.111789e+13 3.279491e+16
2.240000e+02 3.001162e+16 2.960146e+15 0.000000e+00 3.297177e+16
2.250000e+02 3.039466e+16 3.076675e+15 1.392847e+13 3.348527e+16
2.260000e+02 3.065882e+16 3.226241e+15 3.011463e+13 3.391517e+16
2.270000e+02 3.083852e+16 3.492790e+15 2.025539e+13 3.435156e+16
2.280000e+02 3.040196e+16 3.655291e+15 0.000000e+00 3.405725e+16
2.290000e+02 3.082482e+16 3.752091e+15 1.471033e+13 3.459162e+16
2.300000e+02 3.090290e+16 3.799059e+15 3.375365e+13 3.473571e+16
2.310000e+02 3.107951e+16 3.803663e+15 0.000000e+00 3.488318e+16
2.320000e+02 3.110868e+16 3.713045e+15 8.919124e+12 3.483064e+16
2.330000e+02 3.103182e+16 3.577187e+15 0.000000e+00 3.460900e+16
2.340000e+02 3.072918e+16 3.499580e+15 0.000000e+00 3.422876e+16
2.350000e+02 3.099395e+16 3.457941e+15 1.505616e+13 3.446694e+16
2.360000e+02 3.103963e+16 3.368733e+15 0.000000e+00 3.440837e+16
2.370000e+02 3.111401e+16 3.177420e+15 2.111456e+13 3.431254e+16
2.380000e+02 3.135329e+16 3.172532e+15 0.000000e+00 3.452582e+16
2.390000e+02 3.086675e+16 3.068122e+15 0.000000e+00 3.393488e+16
2.400000e+02 3.088938e+16 3.013141e+15 1.285474e+13 3.391537e+16
2.410000e+02 3.059628e+16 2.826420e+15 5.668956e+13 3.347939e+16
2.420000e+02 3.075003e+16 2.747352e+15 0.000000e+00 3.349739e+16
2.430000e+02 3.032429e+16 2.710609e+15 0.000000e+00 3.303490e+16
2.440000e+02 3.019378e+16 2.796031e+15 0.000000e+00 3.298981e+16
2.450000e+02 2.962228e+16 2.965391e+15 0.000000e+00 3.258767e+16
2.460000e+02 2.918078e+16 3.165184e+15 0.000000e+00 3.234596e+16
2.470000e+02 2.928933e+16 3.208343e+15 3.487532e+13 3.253255e+16
2.480000e+02 2.901667e+16 3.220056e+15 2.450076e+13 3.226123e+16
2.490000e+02 2.872387e+16 3.317768e+15 0.000000e+00 3.204164e+16
2.500000e+02 2.858486e+16 3.323115e+15 2.928050e+13 3.193726e+16
2.510000e+02 2.871922e+16 3.510586e+15 1.442233e+13 3.224423e+16
2.520000e+02 2.851499e+16 3.505542e+15 1.014957e+13 3.203069e+16
2.530000e+02 2.817018e+16 3.648093e+15 1.526425e+13 3.183354e+16
2.540000e+02 2.800555e+16 3.634026e+15 1.508762e+13 3.165466e+16
2.550000e+02 2.762587e+16 3.869397e+15 2.735695e+13 3.152262e+16
2.560000e+02 2.792717e+16 3.750726e+15 0.000000e+00 3.167790e+16
2.570000e+02 2.808292e+16 3.882448e+15 0.000000e+00 3.196537e+16
2.580000e+02 2.855450e+16 3.826799e+15 0.000000e+00 3.238130e+16
2.590000e+02 2.875814e+16 4.052573e+15 0.000000e+00 3.281072e+16
2.600000e+02 2.897708e+16 4.049778e+15 2.508908e+13 3.305195e+16
2.610000e+02 2.855241e+16 4.265475e+15 8.804016e+13 3.290592e+16
2.620000e+02 2.870166e+16 4.094918e+15 4.137407e+13 3.283795e+16
2.630000e+02 2.853269e+16 4.086256e+15 5.906394e+13 3.267801e+16
2.640000e+02 2.892189e+16 3.978923e+15 5.685375e+13 3.295766e+16
2.650000e+02 2.835654e+16 3.961431e+15 3.191405e+13 3.234988e+16
2.660000e+02 2.901765e+16 3.944573e+15 0.000000e+00 3.296222e+16
2.670000e+02 2.909135e+16 3.990441e+15 0.000000e+00 3.308179e+16
2.680000e+02 2.891446e+16 4.088115e+15 0.000000e+00 3.300258e+16
2.690000e+02 2.889994e+16 4.039229e+15 0.000000e+00 3.293917e+16
2.700000e+02 2.864465e+16 4.187985e+15 2.980148e+13 3.286244e+16
2.710000e+02 2.886326e+16 4.066834e+15 1.399452e+13 3.294409e+16
2.720000e+02 2.894311e+16 4.117587e+15 0.000000e+00 3.306069e+16
2.730000e+02 2.926483e+16 4.096958e+15 0.000000e+00 3.336179e+16
2.740000e+02 2.977480e+16 4.193032e+15 0.000000e+00 3.396783e+16
2.750000e+02 2.990642e+16 4.188637e+15 2.652914e+13 3.412158e+16
2.760000e+02 3.048580e+16 4.350920e+15 1.976122e+13 3.485648e+16
2.770000e+02 3.099554e+16 4.069312e+15 2.019131e+13 3.508505e+16
2.780000e+02 3.111602e+16 3.913940e+15 1.827006e+13 3.504823e+16
2.790000e+02 3.133040e+16 4.022407e+15 0.000000e+00 3.535280e+16
2.800000e+02 3.154781e+16 3.961051e+15 2.126491e+13 3.553013e+16
2.810000e+02 3.179924e+16 3.825989e+15 1.579577e+13 3.564102e+16
2.820000e+02 3.250735e+16 3.742822e+15 3.240149e+13 3.628258e+16
2.830000e+02 3.234851e+16 3.588840e+15 4.531612e+13 3.598267e+16
2.840000e+02 3.251207e+16 3.560819e+15 2.399702e+13 3.609688e+16
2.850000e+02 3.187194e+16 3.841342e+15 3.834441e+13 3.575162e+16
2.860000e+02 3.161277e+16 3.763787e+15 2.786390e+13 3.540443e+16
2.870000e+02 3.134872e+16 3.780465e+15 8.747239e+13 3.521665e+16
2.880000e+02 3.129055e+16 3.927651e+15 5.284870e+13 3.527105e+16
2.890000e+02 3.080737e+16 3.985227e+15 0.000000e+00 3.479260e+16
2.900000e+02 3.095503e+16 4.049926e+15 0.000000e+00 3.500495e+16
2.910000e+02 3.082385e+16 4.159658e+15 2.447761e+13 3.500799e+16
2.920000e+02 3.097404e+16 4.100375e+15 0.000000e+00 3.507442e+16
2.930000e+02 3.100215e+16 4.287477e+15 0.000000e+00 3.528963e+16
2.940000e+02 3.091891e+16 4.125004e+15 0.000000e+00 3.504391e+16
2.950000e+02 3.099879e+16 4.075748e+15 0.000000e+00 3.507454e+16
2.960000e+02 3.107742e+16 3.972509e+15 0.000000e+00 3.504993e+16
2.970000e+02 3.104863e+16 3.974893e+15 1.213305e+13 3.503566e+16
2.980000e+02 3.075371e+16 3.969589e+15 7.389072e+13 3.479719e+16
2.990000e+02 3.089818e+16 4.047947e+15 1.725864e+13 3.496338e+16
3.000000e+02 3.073934e+16 4.001050e+15 0.000000e+00 3.474039e+16
3.010000e+02 3.042399e+16 4.134593e+15 7.135012e+12 3.456572e+16
3.020000e+02 3.019800e+16 4.095047e+15 1.498532e+13 3.430803e+16
3.030000e+02 3.003356e+16 4.108520e+15 1.316957e+13 3.415525e+16
3.040000e+02 3.048664e+16 4.093006e+15 0.000000e+00 3.457965e+16
3.050000e+02 3.018074e+16 4.153876e+15 1.673977e+13 3.435136e+16
3.060000e+02 3.028544e+16 4.038898e+15 1.422521e+13 3.433857e+16
3.070000e+02 3.035250e+16 3.772805e+15 0.000000e+00 3.412530e+16
3.080000e+02 2.982459e+16 3.828228e+15 4.403391e+13 3.369685e+16
3.090000e+02 2.987303e+16 3.974520e+15 5.316993e+13 3.390072e+16
3.100000e+02 3.003744e+16 4.091569e+15 3.783721e+13 3.416685e+16
3.110000e+02 2.999290e+16 4.131975e+15 2.272612e+13 3.414760e+16
3.120000e+02 3.000888e+16 4.029362e+15 0.000000e+00 3.403824e+16
3.130000e+02 2.974125e+16 4.012293e+15 0.000000e+00 3.375354e+16
3.140000e+02 2.954792e+16 4.410781e+15 4.185353e+13 3.400055e+16
3.150000e+02 2.999252e+16 4.371994e+15 1.405534e+13 3.437857e+16
3.160000e+02 3.061338e+16 4.311279e+15 1.621700e+13 3.494087e+16
3.170000e+02 3.061269e+16 4.310907e+15 4.705046e+13 3.497064e+16
3.180000e+02 3.052255e+16 4.160851e+15 4.111827e+13 3.472452e+16
3.190000e+02 3.052817e+16 4.529517e+15 4.434705e+13 3.510203e+16
3.200000e+02 3.062350e+16 4.518322e+15 1.061730e+14 3.524799e+16
3.210000e+02 3.086420e+16 4.543530e+15 8.213072e+13 3.548986e+16
3.220000e+02 3.169378e+16 4.351207e+15 9.378641e+13 3.613877e+16
3.230000e+02 3.201842e+16 4.517799e+15 8.175272e+13 3.661798e+16
3.240000e+02 3.175579e+16 4.538860e+15 1.179100e+14 3.641256e+16
3.250000e+02 3.154159e+16 4.701136e+15 1.069765e+14 3.634971e+16
3.260000e+02 3.152943e+16 4.915345e+15 7.279005e+13 3.651756e+16
3.270000e+02 3.174111e+16 4.941453e+15 6.733221e+13 3.674990e+16
3.280000e+02 3.108645e+16 5.054024e+15 9.438963e+13 3.623487e+16
3.290000e+02 3.071799e+16 5.274055e+15 9.742069e+13 3.608947e+16
3.300000e+02 3.064582e+16 5.358496e+15 3.023175e+13 3.603455e+16
3.310000e+02 2.997442e+16 5.583251e+15 0.000000e+00 3.555768e+16
3.320000e+02 3.019247e+16 5.428783e+15 2.260964e+13 3.564387e+16
3.330000e+02 3.041569e+16 5.388543e+15 0.000000e+00 3.580423e+16
3.340000e+02 2.995990e+16 5.718016e+15 2.395199e+13 3.570187e+16
3.350000e+02 2.963938e+16 5.705867e+15 3.280705e+13 3.537806e+16
3.360000e+02 2.963107e+16 5.459437e+15 0.000000e+00 3.509051e+16
3.370000e+02 2.977442e+16 5.479535e+15 0.000000e+00 3.525396e+16
3.380000e+02 2.991050e+16 5.437554e+15 3.115537e+13 3.537921e+16
3.390000e+02 3.029746e+16 5.385767e+15 0.000000e+00 3.568322e+16
3.400000e+02 3.014616e+16 5.474281e+15 5.960981e+13 3.568005e+16
3.410000e+02 3.060620e+16 5.461358e+15 6.716441e+13 3.613472e+16
3.420000e+02 3.067336e+16 5.276172e+15 1.375442e+13 3.596329e+16
3.430000e+02 3.122440e+16 4.948097e+15 0.000000e+00 3.617249e+16
3.440000e+02 3.126422e+16 4.996038e+15 0.000000e+00 3.626025e+16
3.450000e+02 3.133860e+16 4.943128e+15 2.129414e+13 3.630303e+16
3.460000e+02 3.127358e+16 5.030132e+15 2.100252e+13 3.632471e+16
3.470000e+02 3.091254e+16 5.255242e+15 1.606323e+13 3.618384e+16
3.480000e+02 3.115429e+16 5.225448e+15 3.283522e+13 3.641258e+16
3.490000e+02 3.139078e+16 5.239019e+15 4.292362e+13 3.667272e+16
3.500000e+02 3.099831e+16 5.357802e+15 4.960864e+13 3.640573e+16
3.510000e+02 3.098820e+16 5.534073e+15 4.948769e+13 3.657176e+16
3.520000e+02 3.129454e+16 5.683888e+15 3.605627e+13 3.701448e+16
3.530000e+02 3.159097e+16 5.535214e+15 5.263900e+13 3.717883e+16
3.540000e+02 3.203626e+16 5.380676e+15 2.283514e+13 3.743977e+16
3.550000e+02 3.201227e+16 5.307984e+15 0.000000e+00 3.732026e+16
3.560000e+02 3.220682e+16 5.452348e+15 3.481908e+13 3.769399e+16
3.570000e+02 3.250788e+16 5.313743e+15 0.000000e+00 3.782162e+16
3.580000e+02 3.271685e+16 5.346225e+15 2.001926e+13 3.808310e+16
3.590000e+02 3.286254e+16 5.387458e+15 0.000000e+00 3.825000e+16
3.600000e+02 3.299686e+16 5.398687e+15 2.533561e+13 3.842088e+16
3.610000e+02 3.311465e+16 5.386492e+15 2.225972e+13 3.852340e+16
3.620000e+02 3.352584e+16 5.505221e+15 0.000000e+00 3.903106e+16
3.630000e+02 3.328997e+16 5.840123e+15 6.279034e+13 3.919289e+16
3.640000e+02 3.330549e+16 5.843862e+15 1.264893e+14 3.927584e+16
3.650000e+02 3.356114e+16 5.890293e+15 1.693263e+14 3.962076e+16
3.660000e+02 3.369652e+16 5.846281e+15 9.000054e+13 3.963280e+16
3.670000e+02 3.297091e+16 5.566163e+15 6.217699e+13 3.859925e+16
3.680000e+02 3.294159e+16 5.799159e+15 5.111379e+13 3.879186e+16
3.690000e+02 3.260870e+16 5.711189e+15 2.773100e+13 3.834762e+16
3.700000e+02 3.261829e+16 5.814699e+15 2.135076e+13 3.845434e+16
3.710000e+02 3.294476e+16 5.795422e+15 0.000000e+00 3.874018e+16
3.720000e+02 3.287410e+16 5.618769e+15 0.000000e+00 3.849287e+16
3.730000e+02 3.311012e+16 5.561963e+15 0.000000e+00 3.867209e+16
3.740000e+02 3.284217e+16 5.704978e+15 2.547482e+13 3.857263e+16
3.750000e+02 3.252071e+16 5.762281e+15 3.832585e+13 3.832132e+16
3.760000e+02 3.278705e+16 5.508021e+15 2.204367e+13 3.831712e+16
3.770000e+02 3.305773e+16 5.670053e+15 5.528138e+13 3.878306e+16
3.780000e+02 3.286241e+16 5.662610e+15 1.640764e+13 3.854143e+16
3.790000e+02 3.292707e+16 5.746190e+15 0.000000e+00 3.867326e+16
3.800000e+02 3.305688e+16 5.565336e+15 0.000000e+00 3.862222e+16
3.810000e+02 3.294829e+16 5.603511e+15 0.000000e+00 3.855180e+16
3.820000e+02 3.299666e+16 5.407371e+15 0.000000e+00 3.840404e+16
3.830000e+02 3.266015e+16 5.423823e+15 1.373453e+13 3.809771e+16
3.840000e+02 3.228779e+16 5.447775e+15 4.537685e+13 3.778094e+16
3.850000e+02 3.249692e+16 5.578818e+15 0.000000e+00 3.807574e+16
3.860000e+02 3.252903e+16 5.480197e+15 0.000000e+00 3.800923e+16
3.870000e+02 3.235330e+16 5.575215e+15 0.000000e+00 3.792852e+16
3.880000e+02 3.247406e+16 5.579982e+15 0.000000e+00 3.805404e+16
3.890000e+02 3.250275e+16 5.658165e+15 0.000000e+00 3.816092e+16
3.900000e+02 3.284874e+16 5.499170e+15 0.000000e+00 3.834791e+16
3.910000e+02 3.298019e+16 5.489050e+15 0.000000e+00 3.846924e+16
3.920000e+02 3.314447e+16 5.517700e+15 0.000000e+00 3.866217e+16
3.930000e+02 3.353272e+16 5.353645e+15 1.165189e+13 3.889801e+16
3.940000e+02 3.393105e+16 5.243072e+15 2.183670e+13 3.919595e+16
3.950000e+02 3.441301e+16 5.210342e+15 0.000000e+00 3.962336e+16
3.960000e+02 3.504910e+16 4.920229e+15 3.322419e+13 4.000255e+16
3.970000e+02 3.461714e+16 4.957528e+15 4.623585e+13 3.962090e+16
3.980000e+02 3.464039e+16 5.019439e+15 1.545616e+13 3.967528e+16
3.990000e+02 3.525571e+16 5.188654e+15 0.000000e+00 4.044437e+16
4.000000e+02 3.540975e+16 4.979154e+15 0.000000e+00 4.038890e+16
4.010000e+02 3.523751e+16 5.112954e+15 0.000000e+00 4.035047e+16
4.020000e+02 3.523800e+16 5.264896e+15 1.804059e+13 4.052094e+16
4.030000e+02 3.564096e+16 5.128606e+15 1.621221e+13 4.078578e+16
4.040000e+02 3.537857e+16 5.453008e+15 3.436737e+13 4.086594e+16
4.050000e+02 3.566781e+16 5.235863e+15 1.553982e+13 4.091922e+16
4.060000e+02 3.572906e+16 5.148752e+15 1.995666e+13 4.089777e+16
4.070000e+02 3.567546e+16 5.376544e+15 1.501638e+13 4.106702e+16
4.080000e+02 3.588344e+16 5.278844e+15 0.000000e+00 4.116228e+16
4.090000e+02 3.511438e+16 5.657580e+15 0.000000e+00 4.077196e+16
4.100000e+02 3.464857e+16 5.866299e+15 0.000000e+00 4.051487e+16
4.110000e+02 3.458998e+16 5.662044e+15 0.000000e+00 4.025203e+16
4.120000e+02 3.455795e+16 5.459261e+15 0.000000e+00 4.001721e+16
4.130000e+02 3.438161e+16 5.710933e+15 1.225371e+13 4.010479e+16
4.140000e+02 3.408308e+16 5.798321e+15 1.203492e+13 3.989344e+16
4.150000e+02 3.423755e+16 5.758861e+15 1.459459e+13 4.001101e+16
4.160000e+02 3.408684e+16 5.900105e+15 1.928524e+13 4.000623e+16
4.170000e+02 3.392953e+16 6.151618e+15 2.458284e+13 4.010573e+16
4.180000e+02 3.345681e+16 6.158626e+15 3.512553e+13 3.965056e+16
4.190000e+02 3.335444e+16 5.821357e+15 1.750980e+13 3.919331e+16
4.200000e+02 3.322838e+16 5.764923e+15 1.262684e+13 3.900593e+16
4.210000e+02 3.334879e+16 5.847720e+15 0.000000e+00 3.919651e+16
4.220000e+02 3.335545e+16 5.815046e+15 2.595212e+13 3.919645e+16
4.230000e+02 3.359539e+16 5.715365e+15 2.647776e+13 3.933724e+16
4.240000e+02 3.368895e+16 5.579039e+15 2.437874e+13 3.929237e+16
4.250000e+02 3.434787e+16 5.436415e+15 1.964097e+13 3.980392e+16
4.260000e+02 3.445197e+16 5.504423e+15 0.000000e+00 3.995640e+16
4.270000e+02 3.428776e+16 5.536200e+15 0.000000e+00 3.982396e+16
4.280000e+02 3.428294e+16 5.778022e+15 0.000000e+00 4.006097e+16
4.290000e+02 3.439526e+16 5.895382e+15 0.000000e+00 4.029065e+16
4.300000e+02 3.448274e+16 5.844746e+15 0.000000e+00 4.032748e+16
4.310000e+02 3.433377e+16 6.017603e+15 3.066743e+13 4.038204e+16
4.320000e+02 3.400278e+16 5.994162e+15 0.000000e+00 3.999694e+16
4.330000e+02 3.426129e+16 5.954390e+15 0.000000e+00 4.021568e+16
4.340000e+02 3.405978e+16 5.945920e+15 0.000000e+00 4.000570e+16
4.350000e+02 3.400835e+16 6.128798e+15 0.000000e+00 4.013715e+16
4.360000e+02 3.421987e+16 6.012312e+15 1.904759e+13 4.025123e+16
4.370000e+02 3.405979e+16 6.194022e+15 0.000000e+00 4.025381e+16
4.380000e+02 3.455969e+16 5.902853e+15 0.000000e+00 4.046254e+16
4.390000e+02 3.498238e+16 5.818312e+15 0.000000e+00 4.080069e+16
4.400000e+02 3.536772e+16 5.772278e+15 0.000000e+00 4.114000e+16
4.410000e+02 3.513600e+16 5.802321e+15 0.000000e+00 4.093832e+16
4.420000e+02 3.500657e+16 6.016868e+15 0.000000e+00 4.102343e+16
4.430000e+02 3.506139e+16 5.923934e+15 0.000000e+00 4.098532e+16
4.440000e+02 3.539400e+16 5.751808e+15 3.981928e+13 4.118562e+16
4.450000e+02 3.522495e+16 5.777796e+15 8.151751e+13 4.108426e+16
4.460000e+02 3.537604e+16 5.653265e+15 7.064846e+13 4.109996e+16
4.470000e+02 3.549005e+16 5.618003e+15 2.805060e+13 4.113611e+16
4.480000e+02 3.547204e+16 5.775344e+15 2.516132e+13 4.127254e+16
4.490000e+02 3.575387e+16 5.928707e+15 2.151460e+13 4.170409e+16
4.500000e+02 3.583436e+16 6.009856e+15 0.000000e+00 4.184421e+16
4.510000e+02 3.606287e+16 5.881476e+15 1.694160e+13 4.196129e+16
4.520000e+02 3.599653e+16 6.055609e+15 2.170442e+13 4.207385e+16
4.530000e+02 3.592700e+16 6.068310e+15 0.000000e+00 4.199531e+16
4.540000e+02 3.609956e+16 6.241421e+15 2.414486e+13 4.236513e+16
4.550000e+02 3.610187e+16 6.230386e+15 0.000000e+00 4.233226e+16
4.560000e+02 3.641680e+16 6.311906e+15 0.000000e+00 4.272870e+16
4.570000e+02 3.665098e+16 6.195316e+15 0.000000e+00 4.284630e+16
4.580000e+02 3.714082e+16 6.074614e+15 0.000000e+00 4.321543e+16
4.590000e+02 3.737766e+16 6.100717e+15 0.000000e+00 4.347837e+16
4.600000e+02 3.690781e+16 6.026874e+15 0.000000e+00 4.293468e+16
4.610000e+02 3.663930e+16 6.244785e+15 4.923399e+13 4.293332e+16
4.620000e+02 3.695521e+16 5.927202e+15 1.125108e+14 4.299492e+16
4.630000e+02 3.665789e+16 5.890350e+15 3.811970e+13 4.258636e+16
4.640000e+02 3.635256e+16 6.168097e+15 0.000000e+00 4.252066e+16
4.650000e+02 3.660265e+16 6.088454e+15 0.000000e+00 4.269111e+16
4.660000e+02 3.640002e+16 6.108987e+15 0.000000e+00 4.250900e+16
4.670000e+02 3.658024e+16 6.290509e+15 0.000000e+00 4.287075e+16
4.680000e+02 3.652595e+16 6.253971e+15 7.646271e+12 4.278757e+16
4.690000e+02 3.699614e+16 6.278521e+15 0.000000e+00 4.327466e+16
4.700000e+02 3.727102e+16 6.343580e+15 0.000000e+00 4.361460e+16
4.710000e+02 3.678786e+16 6.421703e+15 3.750482e+13 4.324706e+16
4.720000e+02 3.667249e+16 6.519021e+15 0.000000e+00 4.319151e+16
4.730000e+02 3.673646e+16 6.396603e+15 1.620349e+13 4.314927e+16
4.740000e+02 3.703805e+16 6.454636e+15 5.562170e+13 4.354831e+16
4.750000e+02 3.706507e+16 6.267855e+15 3.473867e+13 4.336766e+16
4.760000e+02 3.717474e+16 6.224198e+15 2.954828e+13 4.342849e+16
4.770000e+02 3.702377e+16 6.207083e+15 2.776623e+13 4.325861e+16
4.780000e+02 3.694597e+16 6.469799e+15 3.808152e+13 4.345385e+16
4.790000e+02 3.681535e+16 6.435311e+15 1.159467e+14 4.336661e+16
4.800000e+02 3.690788e+16 6.279487e+15 1.024606e+14 4.328982e+16
4.810000e+02 3.681058e+16 6.286204e+15 1.004315e+14 4.319722e+16
4.820000e+02 3.690712e+16 6.235981e+15 7.500850e+13 4.321811e+16
4.830000e+02 3.681998e+16 6.398725e+15 5.706324e+13 4.327577e+16
4.840000e+02 3.668326e+16 6.341979e+15 7.517119e+13 4.310041e+16
4.850000e+02 3.673801e+16 6.250745e+15 5.157895e+13 4.304034e+16
4.860000e+02 3.677165e+16 6.115909e+15 7.423496e+13 4.296180e+16
4.870000e+02 3.662627e+16 6.235839e+15 5.103552e+13 4.291314e+16
4.880000e+02 3.637636e+16 6.425205e+15 7.787352e+13 4.287944e+16
4.890000e+02 3.647831e+16 6.342002e+15 8.642473e+13 4.290673e+16
4.900000e+02 3.608371e+16 6.609396e+15 4.933148e+13 4.274244e+16
4.910000e+02 3.575294e+16 6.596221e+15 5.093778e+13 4.240010e+16
4.920000e+02 3.510827e+16 6.488338e+15 4.996122e+13 4.164657e+16
4.930000e+02 3.489443e+16 6.648826e+15 6.725133e+13 4.161051e+16
4.940000e+02 3.454178e+16 6.684369e+15 4.807425e+13 4.127422e+16
4.950000e+02 3.403855e+16 6.632838e+15 8.493744e+13 4.075633e+16
4.960000e+02 3.398357e+16 6.705535e+15 5.563084e+13 4.074473e+16
4.970000e+02 3.317280e+16 6.881755e+15 6.008338e+13 4.011464e+16
4.980000e+02 3.272481e+16 6.808673e+15 6.172697e+13 3.959521e+16
4.990000e+02 3.245855e+16 7.014365e+15 7.603309e+13 3.954895e+16
5.000000e+02 3.287361e+16 6.926066e+15 0.000000e+00 3.979968e+16
5.010000e+02 3.291060e+16 6.736191e+15 3.954797e+13 3.968634e+16
5.020000e+02 3.288676e+16 6.604858e+15 3.004874e+13 3.952166e+16
5.030000e+02 3.242402e+16 6.768790e+15 3.691311e+13 3.922973e+16
5.040000e+02 3.249427e+16 6.868813e+15 3.096149e+13 3.939404e+16
5.050000e+02 3.270726e+16 6.897332e+15 2.920497e+13 3.963379e+16
5.060000e+02 3.245011e+16 6.975497e+15 4.416165e+13 3.946977e+16
5.070000e+02 3.235420e+16 7.147345e+15 2.977785e+13 3.953133e+16
5.080000e+02 3.200047e+16 7.152050e+15 5.220458e+13 3.920472e+16
5.090000e+02 3.210617e+16 6.715497e+15 7.036733e+13 3.889203e+16
5.100000e+02 3.221506e+16 6.905342e+15 6.970336e+13 3.919011e+16
5.110000e+02 3.191058e+16 7.069520e+15 6.681380e+13 3.904691e+16
5.120000e+02 3.230730e+16 6.996039e+15 3.104784e+13 3.933439e+16
5.130000e+02 3.169754e+16 7.088155e+15 5.421164e+13 3.883990e+16
5.140000e+02 3.210016e+16 6.919943e+15 4.006674e+13 3.906017e+16
5.150000e+02 3.256718e+16 6.912242e+15 3.149491e+13 3.951091e+16
5.160000e+02 3.254676e+16 6.820735e+15 1.902310e+13 3.938652e+16
5.170000e+02 3.271080e+16 6.786663e+15 2.456735e+13 3.952203e+16
5.180000e+02 3.278502e+16 6.979336e+15 2.969387e+13 3.979405e+16
5.190000e+02 3.233479e+16 6.878501e+15 2.901591e+13 3.924230e+16
5.200000e+02 3.219898e+16 6.949182e+15 3.034598e+13 3.917850e+16
5.210000e+02 3.193373e+16 7.091065e+15 2.242383e+13 3.904722e+16
5.220000e+02 3.173340e+16 7.118270e+15 2.966270e+13 3.888133e+16
5.230000e+02 3.188652e+16 6.931004e+15 2.672101e+13 3.884424e+16
5.240000e+02 3.199881e+16 6.849973e+15 3.820582e+13 3.888699e+16
5.250000e+02 3.136786e+16 6.901513e+15 0.000000e+00 3.826937e+16
5.260000e+02 3.108268e+16 6.783177e+15 3.039235e+13 3.789625e+16
5.270000e+02 3.047042e+16 6.964321e+15 2.989277e+13 3.746464e+16
5.280000e+02 3.007071e+16 7.225300e+15 0.000000e+00 3.729601e+16
5.290000e+02 2.992403e+16 7.254362e+15 1.006187e+13 3.718846e+16
5.300000e+02 2.991548e+16 7.202924e+15 1.132468e+13 3.712973e+16
5.310000e+02 2.955614e+16 7.104067e+15 2.722086e+13 3.668743e+16
5.320000e+02 2.981803e+16 7.015500e+15 0.000000e+00 3.683353e+16
5.330000e+02 2.997946e+16 6.935718e+15 2.289974e+13 3.693808e+16
5.340000e+02 2.973336e+16 6.881500e+15 1.628994e+13 3.663115e+16
5.350000e+02 2.993084e+16 6.860665e+15 0.000000e+00 3.679150e+16
5.360000e+02 2.999500e+16 6.799154e+15 3.963367e+13 3.683379e+16
5.370000e+02 3.001655e+16 6.776764e+15 1.744917e+13 3.681077e+16
5.380000e+02 2.998423e+16 6.524877e+15 0.000000e+00 3.650911e+16
5.390000e+02 2.994008e+16 6.425922e+15 1.985358e+13 3.638586e+16
5.400000e+02 2.987053e+16 6.383771e+15 0.000000e+00 3.625430e+16
5.410000e+02 2.963513e+16 6.378852e+15 0.000000e+00 3.601398e+16
5.420000e+02 2.950838e+16 6.566906e+15 0.000000e+00 3.607528e+16
5.430000e+02 2.961736e+16 6.600703e+15 0.000000e+00 3.621806e+16
5.440000e+02 2.959793e+16 6.597939e+15 0.000000e+00 3.619587e+16
5.450000e+02 2.919012e+16 6.526562e+15 0.000000e+00 3.571668e+16
5.460000e+02 2.926496e+16 6.468385e+15 0.000000e+00 3.573335e+16
5.470000e+02 2.938374e+16 6.511483e+15 0.000000e+00 3.589522e+16
5.480000e+02 2.953096e+16 6.371232e+15 0.000000e+00 3.590220e+16
5.490000e+02 2.970769e+16 6.354167e+15 0.000000e+00 3.606186e+16
5.500000e+02 2.952983e+16 6.503160e+15 0.000000e+00 3.603299e+16
5.510000e+02 2.923754e+16 6.730248e+15 0.000000e+00 3.596779e+16
5.520000e+02 2.961190e+16 6.715471e+15 0.000000e+00 3.632737e+16
5.530000e+02 3.001011e+16 6.637288e+15 0.000000e+00 3.664740e+16
5.540000e+02 3.047727e+16 6.501570e+15 1.260882e+13 3.699145e+16
5.550000e+02 2.995457e+16 6.737271e+15 9.876587e+12 3.670172e+16
5.560000e+02 3.003339e+16 6.801587e+15 2.608668e+13 3.686107e+16
5.570000e+02 3.006736e+16 6.899776e+15 0.000000e+00 3.696713e+16
5.580000e+02 3.014963e+16 6.858553e+15 0.000000e+00 3.700818e+16
5.590000e+02 3.038574e+16 6.842707e+15 0.000000e+00 3.722844e+16
5.600000e+02 3.062461e+16 6.668559e+15 1.627803e+13 3.730945e+16
5.610000e+02 3.056571e+16 6.719134e+15 0.000000e+00 3.728484e+16
5.620000e+02 3.033984e+16 6.860242e+15 3.230762e+13 3.723239e+16
5.630000e+02 3.078483e+16 6.701500e+15 0.000000e+00 3.748633e+16
5.640000e+02 3.079935e+16 6.647420e+15 1.739047e+13 3.746416e+16
5.650000e+02 3.138201e+16 6.469395e+15 0.000000e+00 3.785141e+16
5.660000e+02 3.117199e+16 6.420817e+15 0.000000e+00 3.759281e+16
5.670000e+02 3.108183e+16 6.371244e+15 2.649111e+13 3.747956e+16
5.680000e+02 3.150378e+16 6.304642e+15 2.826123e+13 3.783668e+16
5.690000e+02 3.178414e+16 6.202933e+15 0.000000e+00 3.798707e+16
5.700000e+02 3.168940e+16 6.231093e+15 0.000000e+00 3.792049e+16
5.710000e+02 3.166636e+16 6.143400e+15 1.128828e+13 3.782104e+16
5.720000e+02 3.199721e+16 6.054938e+15 0.000000e+00 3.805215e+16
5.730000e+02 3.202586e+16 6.021472e+15 2.440281e+13 3.807174e+16
5.740000e+02 3.171807e+16 6.252852e+15 0.000000e+00 3.797093e+16
5.750000e+02 3.138894e+16 6.376714e+15 8.237107e+12 3.777389e+16
5.760000e+02 3.118617e+16 6.556889e+15 2.251362e+13 3.776557e+16
5.770000e+02 3.090338e+16 6.693932e+15 3.118492e+13 3.762849e+16
5.780000e+02 3.118327e+16 6.714930e+15 0.000000e+00 3.789820e+16
5.790000e+02 3.124528e+16 6.617637e+15 0.000000e+00 3.786291e+16
5.800000e+02 3.186686e+16 6.652098e+15 0.000000e+00 3.851895e+16
5.810000e+02 3.200785e+16 6.780562e+15 0.000000e+00 3.878842e+16
5.820000e+02 3.191677e+16 6.544984e+15 0.000000e+00 3.846176e+16
5.830000e+02 3.229439e+16 6.490707e+15 6.173946e+12 3.879127e+16
5.840000e+02 3.256585e+16 6.417313e+15 0.000000e+00 3.898317e+16
5.850000e+02 3.296572e+16 6.302937e+15 1.780715e+13 3.928646e+16
5.860000e+02 3.302621e+16 6.146222e+15 8.114814e+13 3.925358e+16
5.870000e+02 3.318539e+16 6.078406e+15 5.578048e+13 3.931958e+16
5.880000e+02 3.352813e+16 6.195991e+15 0.000000e+00 3.972413e+16
5.890000e+02 3.348099e+16 6.378383e+15 1.419242e+13 3.987357e+16
5.900000e+02 3.348607e+16 6.443861e+15 2.012267e+13 3.995006e+16
5.910000e+02 3.296478e+16 6.379208e+15 2.263563e+13 3.936662e+16
5.920000e+02 3.293859e+16 6.427469e+15 0.000000e+00 3.936606e+16
5.930000e+02 3.266557e+16 6.454079e+15 0.000000e+00 3.911965e+16
5.940000e+02 3.327810e+16 6.416574e+15 0.000000e+00 3.969468e+16
5.950000e+02 3.323686e+16 6.304368e+15 1.869634e+13 3.955993e+16
5.960000e+02 3.327903e+16 6.323614e+15 2.758555e+13 3.963023e+16
5.970000e+02 3.246109e+16 6.486731e+15 7.197909e+13 3.901980e+16
5.980000e+02 3.237904e+16 6.401238e+15 8.561745e+13 3.886590e+16
5.990000e+02 3.260102e+16 6.356965e+15 2.887429e+13 3.898686e+16
6.000000e+02 3.240531e+16 6.457385e+15 3.053284e+13 3.889323e+16
6.010000e+02 3.231542e+16 6.633534e+15 4.855638e+13 3.899751e+16
6.020000e+02 3.257586e+16 6.450524e+15 2.031394e+13 3.904670e+16
6.030000e+02 3.270612e+16 6.261185e+15 4.477636e+13 3.901208e+16
6.040000e+02 3.283201e+16 6.220141e+15 1.440663e+13 3.906655e+16
6.050000e+02 3.282763e+16 6.205864e+15 1.677847e+13 3.905028e+16
6.060000e+02 3.294913e+16 6.199853e+15 2.535317e+13 3.917434e+16
6.070000e+02 3.284943e+16 6.159518e+15 0.000000e+00 3.900895e+16
6.080000e+02 3.262453e+16 5.925651e+15 3.657808e+13 3.858676e+16
6.090000e+02 3.211770e+16 6.174660e+15 0.000000e+00 3.829236e+16
6.100000e+02 3.188721e+16 5.930138e+15 1.847971e+13 3.783583e+16
6.110000e+02 3.152338e+16 5.919955e+15 3.563513e+13 3.747897e+16
6.120000e+02 3.121536e+16 5.742968e+15 1.963115e+13 3.697796e+16
6.130000e+02 3.119044e+16 5.791115e+15 0.000000e+00 3.698155e+16
6.140000e+02 3.070117e+16 6.008484e+15 0.000000e+00 3.670965e+16
6.150000e+02 3.100965e+16 5.649298e+15 0.000000e+00 3.665895e+16
6.160000e+02 3.119074e+16 5.565203e+15 0.000000e+00 3.675594e+16
6.170000e+02 3.092586e+16 5.554158e+15 0.000000e+00 3.648002e+16
6.180000e+02 3.094577e+16 5.624209e+15 0.000000e+00 3.656997e+16
6.190000e+02 3.151784e+16 5.418064e+15 0.000000e+00 3.693591e+16
6.200000e+02 3.151991e+16 5.354919e+15 0.000000e+00 3.687483e+16
6.210000e+02 3.182798e+16 5.441646e+15 3.861251e+13 3.730824e+16
6.220000e+02 3.199199e+16 5.406611e+15 2.743432e+13 3.742604e+16
6.230000e+02 3.169391e+16 5.531166e+15 2.221896e+13 3.724729e+16
6.240000e+02 3.196338e+16 5.278124e+15 3.228709e+13 3.727379e+16
6.250000e+02 3.213660e+16 5.415470e+15 3.964302e+13 3.759171e+16
6.260000e+02 3.163455e+16 5.329204e+15 1.908024e+13 3.698284e+16
6.270000e+02 3.148141e+16 5.370503e+15 0.000000e+00 3.685191e+16
6.280000e+02 3.126482e+16 5.271818e+15 0.000000e+00 3.653664e+16
6.290000e+02 3.138260e+16 5.186114e+15 1.468193e+13 3.658339e+16
6.300000e+02 3.145822e+16 5.404875e+15 1.119845e+13 3.687429e+16
6.310000e+02 3.114353e+16 5.475552e+15 4.788236e+13 3.666696e+16
6.320000e+02 3.104994e+16 5.454557e+15 4.527626e+13 3.654977e+16
6.330000e+02 3.144193e+16 5.460540e+15 5.497241e+13 3.695744e+16
6.340000e+02 3.134926e+16 5.488235e+15 0.000000e+00 3.683749e+16
6.350000e+02 3.121381e+16 5.495626e+15 6.584552e+13 3.677528e+16
6.360000e+02 3.128737e+16 5.538413e+15 5.440312e+13 3.688019e+16
6.370000e+02 3.144507e+16 5.622731e+15 2.218624e+13 3.708999e+16
6.380000e+02 3.168523e+16 5.606882e+15 1.805972e+13 3.731017e+16
6.390000e+02 3.175649e+16 5.756695e+15 1.881013e+13 3.753199e+16
6.400000e+02 3.184485e+16 5.925029e+15 3.741505e+13 3.780729e+16
6.410000e+02 3.227909e+16 6.074512e+15 1.606214e+13 3.836967e+16
6.420000e+02 3.219479e+16 6.228495e+15 4.520406e+13 3.846849e+16
6.430000e+02 3.200417e+16 6.218021e+15 2.225490e+13 3.824445e+16
6.440000e+02 3.189973e+16 6.426944e+15 2.127450e+13 3.834795e+16
6.450000e+02 3.220552e+16 6.401053e+15 1.598439e+13 3.862256e+16
6.460000e+02 3.214862e+16 6.510658e+15 2.878242e+13 3.868806e+16
6.470000e+02 3.220628e+16 6.672310e+15 9.791268e+12 3.888838e+16
6.480000e+02 3.170942e+16 6.754655e+15 0.000000e+00 3.846408e+16
6.490000e+02 3.121895e+16 6.923286e+15 0.000000e+00 3.814224e+16
6.500000e+02 3.138890e+16 6.913053e+15 2.121188e+13 3.832317e+16
6.510000e+02 3.163100e+16 6.998316e+15 0.000000e+00 3.862932e+16
6.520000e+02 3.134863e+16 6.912801e+15 3.760718e+13 3.829903e+16
6.530000e+02 3.183559e+16 6.912361e+15 0.000000e+00 3.874796e+16
6.540000e+02 3.204226e+16 6.954539e+15 0.000000e+00 3.899680e+16
6.550000e+02 3.201293e+16 6.863233e+15 6.224820e+13 3.893841e+16
6.560000e+02 3.166132e+16 7.208737e+15 8.631112e+12 3.887868e+16
6.570000e+02 3.104383e+16 7.139070e+15 4.152070e+13 3.822442e+16
6.580000e+02 3.144576e+16 7.180685e+15 0.000000e+00 3.862645e+16
6.590000e+02 3.087304e+16 6.971501e+15 0.000000e+00 3.784454e+16
6.600000e+02 3.078202e+16 6.863900e+15 1.288699e+13 3.765881e+16
6.610000e+02 3.086580e+16 7.208990e+15 0.000000e+00 3.807479e+16
6.620000e+02 3.048007e+16 7.090344e+15 0.000000e+00 3.757041e+16
6.630000e+02 3.054711e+16 7.079891e+15 0.000000e+00 3.762700e+16
6.640000e+02 3.048204e+16 6.877726e+15 0.000000e+00 3.735976e+16
6.650000e+02 3.017062e+16 6.894300e+15 1.858783e+13 3.708350e+16
6.660000e+02 3.024330e+16 6.850874e+15 0.000000e+00 3.709418e+16
6.670000e+02 3.014423e+16 6.945542e+15 5.160763e+13 3.714138e+16
6.680000e+02 3.044910e+16 6.849244e+15 4.861885e+13 3.734697e+16
6.690000e+02 3.047915e+16 6.897785e+15 1.809443e+13 3.739503e+16
6.700000e+02 3.046559e+16 6.792048e+15 1.816442e+13 3.727580e+16
6.710000e+02 3.079012e+16 6.705091e+15 3.163309e+13 3.752685e+16
6.720000e+02 3.077819e+16 6.614591e+15 8.549202e+13 3.747828e+16
6.730000e+02 3.144500e+16 6.550515e+15 8.780222e+13 3.808332e+16
6.740000e+02 3.196238e+16 6.309860e+15 7.660809e+13 3.834885e+16
6.750000e+02 3.251303e+16 6.266538e+15 1.252983e+14 3.890486e+16
6.760000e+02 3.210706e+16 6.441710e+15 1.009993e+14 3.864977e+16
6.770000e+02 3.219527e+16 6.522768e+15 8.145388e+13 3.879949e+16
6.780000e+02 3.236870e+16 6.395221e+15 2.868493e+13 3.879260e+16
6.790000e+02 3.246317e+16 6.521964e+15 1.703589e+13 3.900217e+16
6.800000e+02 3.264785e+16 6.515487e+15 5.736000e+13 3.922069e+16
6.810000e+02 3.324589e+16 6.224769e+15 2.709018e+13 3.949775e+16
6.820000e+02 3.337970e+16 6.468652e+15 2.597824e+13 3.987433e+16
6.830000e+02 3.349193e+16 6.359205e+15 0.000000e+00 3.985114e+16
6.840000e+02 3.347981e+16 6.358989e+15 0.000000e+00 3.983880e+16
6.850000e+02 3.321476e+16 6.199117e+15 2.609052e+13 3.943997e+16
6.860000e+02 3.336178e+16 5.971603e+15 0.000000e+00 3.933338e+16
6.870000e+02 3.320890e+16 5.906301e+15 1.283238e+13 3.912804e+16
6.880000e+02 3.367221e+16 5.956142e+15 1.243722e+13 3.964079e+16
6.890000e+02 3.380609e+16 5.841091e+15 0.000000e+00 3.964719e+16
6.900000e+02 3.402517e+16 5.791113e+15 0.000000e+00 3.981628e+16
6.910000e+02 3.381071e+16 5.468994e+15 3.075903e+13 3.931046e+16
6.920000e+02 3.363333e+16 5.464877e+15 0.000000e+00 3.909821e+16
6.930000e+02 3.386680e+16 5.407907e+15 5.133966e+13 3.932605e+16
6.940000e+02 3.435391e+16 5.103156e+15 2.104313e+13 3.947811e+16
6.950000e+02 3.451454e+16 5.106146e+15 3.643826e+13 3.965712e+16
6.960000e+02 3.441871e+16 5.162624e+15 0.000000e+00 3.958134e+16
6.970000e+02 3.449657e+16 5.131166e+15 3.513367e+13 3.966287e+16
6.980000e+02 3.456390e+16 5.271940e+15 4.522417e+13 3.988107e+16
6.990000e+02 3.423654e+16 4.965531e+15 3.128127e+13 3.923335e+16
7.000000e+02 3.436247e+16 4.905964e+15 6.937042e+13 3.933781e+16
7.010000e+02 3.452594e+16 4.839095e+15 0.000000e+00 3.936504e+16
7.020000e+02 3.496878e+16 4.818347e+15 2.045849e+13 3.980758e+16
7.030000e+02 3.520010e+16 4.752940e+15 0.000000e+00 3.995304e+16
7.040000e+02 3.530900e+16 4.734383e+15 1.445717e+13 4.005784e+16
7.050000e+02 3.539276e+16 4.734666e+15 4.781939e+13 4.017525e+16
7.060000e+02 3.521476e+16 4.740664e+15 0.000000e+00 3.995542e+16
7.070000e+02 3.538507e+16 4.686566e+15 3.215874e+13 4.010380e+16
7.080000e+02 3.495906e+16 4.758167e+15 0.000000e+00 3.971722e+16
7.090000e+02 3.496696e+16 4.842108e+15 0.000000e+00 3.980907e+16
7.100000e+02 3.480225e+16 4.917031e+15 0.000000e+00 3.971929e+16
7.110000e+02 3.465431e+16 5.188723e+15 1.019252e+13 3.985322e+16
7.120000e+02 3.489562e+16 5.015576e+15 1.100046e+13 3.992220e+16
7.130000e+02 3.526248e+16 5.140248e+15 1.405643e+13 4.041678e+16
7.140000e+02 3.464478e+16 5.534136e+15 4.714223e+13 4.022606e+16
7.150000e+02 3.495354e+16 5.339138e+15 5.841606e+13 4.035110e+16
7.160000e+02 3.564257e+16 5.429705e+15 6.070156e+13 4.113297e+16
7.170000e+02 3.504905e+16 5.369021e+15 9.678735e+13 4.051486e+16
7.180000e+02 3.477276e+16 5.576209e+15 8.560648e+13 4.043457e+16
7.190000e+02 3.544428e+16 5.370802e+15 4.460251e+13 4.085969e+16
7.200000e+02 3.512795e+16 5.511257e+15 3.297942e+13 4.067218e+16
7.210000e+02 3.500830e+16 5.939741e+15 2.526236e+13 4.097330e+16
7.220000e+02 3.483529e+16 5.987018e+15 1.999874e+13 4.084231e+16
7.230000e+02 3.456922e+16 5.907012e+15 5.912497e+13 4.053536e+16
7.240000e+02 3.402243e+16 6.084594e+15 0.000000e+00 4.010702e+16
7.250000e+02 3.371153e+16 6.269338e+15 4.319526e+13 4.002407e+16
7.260000e+02 3.364657e+16 6.147280e+15 6.490284e+13 3.985875e+16
7.270000e+02 3.376272e+16 6.067370e+15 3.329215e+13 3.986338e+16
7.280000e+02 3.353261e+16 6.233211e+15 6.665349e+13 3.983248e+16
7.290000e+02 3.318560e+16 6.321592e+15 6.951555e+13 3.957671e+16
7.300000e+02 3.292984e+16 6.369650e+15 7.287173e+13 3.937236e+16
7.310000e+02 3.301965e+16 6.362973e+15 8.931286e+13 3.947194e+16
7.320000e+02 3.297674e+16 6.417839e+15 9.652067e+13 3.949110e+16
7.330000e+02 3.264903e+16 6.433223e+15 5.164748e+13 3.913390e+16
7.340000e+02 3.314618e+16 6.638113e+15 3.111888e+13 3.981541e+16
7.350000e+02 3.304489e+16 6.727163e+15 4.382724e+13 3.981588e+16
7.360000e+02 3.313070e+16 6.634704e+15 6.559646e+13 3.983100e+16
7.370000e+02 3.284497e+16 6.532812e+15 7.984230e+13 3.945762e+16
7.380000e+02 3.280568e+16 6.677532e+15 8.066866e+13 3.956388e+16
7.390000e+02 3.303978e+16 6.663556e+15 7.752186e+13 3.978086e+16
7.400000e+02 3.297155e+16 6.731862e+15 7.215871e+13 3.977557e+16
7.410000e+02 3.335399e+16 6.671103e+15 8.276275e+13 4.010786e+16
7.420000e+02 3.346453e+16 6.526416e+15 9.328218e+13 4.008423e+16
7.430000e+02 3.379410e+16 6.400761e+15 6.476990e+13 4.025963e+16
7.440000e+02 3.474410e+16 6.356721e+15 0.000000e+00 4.110082e+16
7.450000e+02 3.427722e+16 6.162589e+15 4.978413e+13 4.048960e+16
7.460000e+02 3.449198e+16 6.327545e+15 5.411210e+13 4.087364e+16
7.470000e+02 3.407248e+16 6.496508e+15 8.983808e+13 4.065882e+16
7.480000e+02 3.401392e+16 6.492240e+15 5.118388e+13 4.055734e+16
7.490000e+02 3.394702e+16 6.652418e+15 1.214050e+14 4.072084e+16
7.500000e+02 3.378611e+16 6.755975e+15 1.269481e+14 4.066904e+16
7.510000e+02 3.391602e+16 6.645120e+15 2.081745e+14 4.076931e+16
7.520000e+02 3.413333e+16 6.536372e+15 1.406424e+14 4.081035e+16
7.530000e+02 3.362513e+16 6.831400e+15 9.574587e+13 4.055228e+16
7.540000e+02 3.420673e+16 7.022534e+15 6.145362e+13 4.129072e+16
7.550000e+02 3.415155e+16 7.091124e+15 7.969109e+13 4.132237e+16
7.560000e+02 3.378790e+16 7.212066e+15 5.509703e+13 4.105506e+16
7.570000e+02 3.402134e+16 7.191976e+15 1.723866e+13 4.123056e+16
7.580000e+02 3.400632e+16 7.080885e+15 2.926457e+13 4.111647e+16
7.590000e+02 3.410908e+16 6.932799e+15 6.171605e+13 4.110360e+16
7.600000e+02 3.405507e+16 7.009382e+15 7.009995e+13 4.113455e+16
7.610000e+02 3.453467e+16 7.062863e+15 0.000000e+00 4.159753e+16
7.620000e+02 3.434159e+16 7.363469e+15 4.593028e+13 4.175099e+16
7.630000e+02 3.444548e+16 7.191810e+15 1.532015e+13 4.165261e+16
7.640000e+02 3.467440e+16 7.228601e+15 1.733309e+13 4.192033e+16
7.650000e+02 3.431514e+16 7.154193e+15 3.728231e+13 4.150662e+16
7.660000e+02 3.425021e+16 7.296164e+15 4.158500e+13 4.158796e+16
7.670000e+02 3.382025e+16 7.323124e+15 0.000000e+00 4.114338e+16
7.680000e+02 3.360223e+16 6.968175e+15 2.831257e+13 4.059871e+16
7.690000e+02 3.385177e+16 6.997082e+15 4.541580e+13 4.089427e+16
7.700000e+02 3.399351e+16 6.587417e+15 2.371056e+13 4.060464e+16
7.710000e+02 3.368896e+16 6.754766e+15 8.037993e+13 4.052411e+16
7.720000e+02 3.347247e+16 6.761131e+15 1.418655e+14 4.037546e+16
7.730000e+02 3.382393e+16 7.022509e+15 3.877667e+13 4.088522e+16
7.740000e+02 3.357290e+16 7.131296e+15 2.004586e+13 4.072424e+16
7.750000e+02 3.352934e+16 7.126895e+15 1.267289e+13 4.066891e+16
7.760000e+02 3.425535e+16 7.109766e+15 1.712714e+13 4.138224e+16
7.770000e+02 3.449997e+16 7.010602e+15 1.065394e+13 4.152122e+16
7.780000e+02 3.432242e+16 7.117259e+15 2.094538e+13 4.146062e+16
7.790000e+02 3.459762e+16 6.928957e+15 1.953667e+13 4.154611e+16
7.800000e+02 3.469136e+16 6.558254e+15 0.000000e+00 4.124961e+16
7.810000e+02 3.464584e+16 6.617504e+15 0.000000e+00 4.126335e+16
7.820000e+02 3.423763e+16 6.674937e+15 0.000000e+00 4.091256e+16
7.830000e+02 3.408295e+16 6.557282e+15 1.100853e+13 4.065124e+16
7.840000e+02 3.391910e+16 6.885443e+15 0.000000e+00 4.080454e+16
7.850000e+02 3.324493e+16 6.876861e+15 7.561734e+13 4.019741e+16
7.860000e+02 3.323700e+16 6.861431e+15 1.844037e+13 4.011687e+16
7.870000e+02 3.323232e+16 6.962646e+15 3.331882e+13 4.022828e+16
7.880000e+02 3.324304e+16 6.770183e+15 0.000000e+00 4.001323e+16
7.890000e+02 3.274429e+16 7.010886e+15 0.000000e+00 3.975518e+16
7.900000e+02 3.316907e+16 6.897208e+15 0.000000e+00 4.006628e+16
7.910000e+02 3.306366e+16 6.859647e+15 3.001365e+13 3.995332e+16
7.920000e+02 3.306068e+16 6.663892e+15 9.932273e+12 3.973451e+16
7.930000e+02 3.298786e+16 6.743423e+15 0.000000e+00 3.973128e+16
7.940000e+02 3.310457e+16 6.662672e+15 1.836297e+13 3.978561e+16
7.950000e+02 3.288650e+16 6.657512e+15 8.614759e+13 3.963016e+16
7.960000e+02 3.278899e+16 6.692331e+15 5.029118e+13 3.953161e+16
7.970000e+02 3.299786e+16 6.619005e+15 7.063722e+13 3.968751e+16
7.980000e+02 3.286176e+16 6.740261e+15 6.432411e+13 3.966634e+16
7.990000e+02 3.289263e+16 6.783062e+15 8.114874e+13 3.975684e+16
8.000000e+02 3.273039e+16 6.774805e+15 9.815266e+13 3.960334e+16
8.010000e+02 3.252321e+16 6.785851e+15 7.727192e+13 3.938633e+16
8.020000e+02 3.266690e+16 6.837488e+15 5.414541e+13 3.955853e+16
8.030000e+02 3.289130e+16 6.830066e+15 3.347898e+13 3.975485e+16
8.040000e+02 3.281617e+16 6.997218e+15 0.000000e+00 3.981338e+16
8.050000e+02 3.278899e+16 7.103223e+15 0.000000e+00 3.989221e+16
8.060000e+02 3.336275e+16 6.860899e+15 0.000000e+00 4.022365e+16
8.070000e+02 3.331866e+16 6.933626e+15 0.000000e+00 4.025228e+16
8.080000e+02 3.306156e+16 6.894657e+15 0.000000e+00 3.995622e+16
8.090000e+02 3.298509e+16 6.969081e+15 0.000000e+00 3.995417e+16
8.100000e+02 3.222914e+16 6.928441e+15 0.000000e+00 3.915758e+16
8.110000e+02 3.206552e+16 6.780986e+15 0.000000e+00 3.884650e+16
8.120000e+02 3.236106e+16 6.756035e+15 0.000000e+00 3.911710e+16
8.130000e+02 3.239675e+16 6.621022e+15 2.541233e+13 3.904319e+16
8.140000e+02 3.204794e+16 6.692649e+15 6.821968e+13 3.880881e+16
8.150000e+02 3.211412e+16 6.451122e+15 1.097572e+13 3.857621e+16
8.160000e+02 3.247274e+16 6.539201e+15 1.897128e+13 3.903091e+16
8.170000e+02 3.199505e+16 6.672124e+15 1.856323e+13 3.868574e+16
8.180000e+02 3.177814e+16 6.669364e+15 0.000000e+00 3.844750e+16
8.190000e+02 3.172535e+16 6.756564e+15 1.531625e+13 3.849723e+16
8.200000e+02 3.148621e+16 6.869062e+15 0.000000e+00 3.835527e+16
8.210000e+02 3.120353e+16 6.984243e+15 1.306427e+13 3.820084e+16
8.220000e+02 3.145138e+16 7.001059e+15 2.458278e+13 3.847702e+16
8.230000e+02 3.163638e+16 7.009613e+15 1.933765e+13 3.866533e+16
8.240000e+02 3.146251e+16 6.959825e+15 0.000000e+00 3.842234e+16
8.250000e+02 3.147886e+16 6.936439e+15 0.000000e+00 3.841530e+16
8.260000e+02 3.166055e+16 6.772581e+15 1.373199e+13 3.844687e+16
8.270000e+02 3.207017e+16 6.582496e+15 0.000000e+00 3.865266e+16
8.280000e+02 3.198149e+16 6.770977e+15 0.000000e+00 3.875247e+16
8.290000e+02 3.174543e+16 6.745694e+15 0.000000e+00 3.849112e+16
8.300000e+02 3.157026e+16 6.838741e+15 2.009628e+13 3.842910e+16
8.310000e+02 3.133080e+16 7.019584e+15 0.000000e+00 3.835038e+16
8.320000e+02 3.170270e+16 6.840026e+15 2.400338e+13 3.856673e+16
8.330000e+02 3.157679e+16 6.942240e+15 0.000000e+00 3.851903e+16
8.340000e+02 3.167354e+16 6.960066e+15 2.784105e+13 3.866144e+16
8.350000e+02 3.181832e+16 7.069352e+15 0.000000e+00 3.888767e+16
8.360000e+02 3.158161e+16 6.990869e+15 6.216744e+13 3.863465e+16
8.370000e+02 3.163482e+16 7.068136e+15 1.154838e+13 3.871450e+16
8.380000e+02 3.180663e+16 6.963121e+15 0.000000e+00 3.876975e+16
8.390000e+02 3.194301e+16 6.954797e+15 3.553010e+13 3.893333e+16
8.400000e+02 3.221680e+16 7.088070e+15 5.059748e+13 3.935547e+16
8.410000e+02 3.256575e+16 6.660336e+15 5.635528e+13 3.928244e+16
8.420000e+02 3.301351e+16 6.691797e+15 6.466703e+13 3.976997e+16
8.430000e+02 3.290469e+16 6.796327e+15 6.844856e+13 3.976947e+16
8.440000e+02 3.316542e+16 6.746433e+15 6.737076e+13 3.997922e+16
8.450000e+02 3.309538e+16 6.821865e+15 4.247259e+13 3.995972e+16
8.460000e+02 3.319159e+16 6.811400e+15 3.018737e+13 4.003318e+16
8.470000e+02 3.263653e+16 6.669839e+15 5.767977e+13 3.936405e+16
8.480000e+02 3.270559e+16 6.568276e+15 4.641658e+13 3.932028e+16
8.490000e+02 3.255475e+16 6.696311e+15 3.741793e+13 3.928848e+16
8.500000e+02 3.241747e+16 6.644886e+15 8.980748e+13 3.915217e+16
8.510000e+02 3.262740e+16 6.748691e+15 5.026530e+13 3.942635e+16
8.520000e+02 3.270022e+16 6.798211e+15 1.392218e+13 3.951235e+16
8.530000e+02 3.293099e+16 6.706196e+15 4.697339e+13 3.968416e+16
8.540000e+02 3.288624e+16 6.722858e+15 3.941397e+13 3.964851e+16
8.550000e+02 3.309458e+16 6.710827e+15 4.554019e+13 3.985095e+16
8.560000e+02 3.338830e+16 6.610962e+15 4.002284e+13 4.003929e+16
8.570000e+02 3.360533e+16 6.419108e+15 0.000000e+00 4.002444e+16
8.580000e+02 3.378177e+16 6.439851e+15 2.193408e+13 4.024355e+16
8.590000e+02 3.363317e+16 6.557006e+15 3.959027e+13 4.022977e+16
8.600000e+02 3.389872e+16 6.593336e+15 1.720078e+13 4.050926e+16
8.610000e+02 3.398486e+16 6.489551e+15 2.128833e+13 4.049569e+16
8.620000e+02 3.414976e+16 6.161591e+15 3.206605e+13 4.034341e+16
8.630000e+02 3.417466e+16 6.357347e+15 4.329956e+13 4.057531e+16
8.640000e+02 3.402428e+16 6.243264e+15 2.056796e+13 4.028811e+16
8.650000e+02 3.427356e+16 6.055844e+15 0.000000e+00 4.032940e+16
8.660000e+02 3.442751e+16 6.124086e+15 1.753648e+13 4.056913e+16
8.670000e+02 3.422455e+16 6.282899e+15 4.820870e+13 4.055565e+16
8.680000e+02 3.379974e+16 6.347377e+15 1.331663e+13 4.016044e+16
8.690000e+02 3.365479e+16 6.311556e+15 2.069695e+13 3.998704e+16
8.700000e+02 3.359587e+16 6.184128e+15 3.196807e+13 3.981197e+16
8.710000e+02 3.339615e+16 6.134317e+15 9.128825e+13 3.962176e+16
8.720000e+02 3.328263e+16 5.908461e+15 2.185066e+13 3.921295e+16
8.730000e+02 3.260497e+16 6.115861e+15 4.481179e+13 3.876564e+16
8.740000e+02 3.245178e+16 6.091879e+15 1.330633e+13 3.855697e+16
8.750000e+02 3.302915e+16 5.911847e+15 0.000000e+00 3.894100e+16
8.760000e+02 3.326247e+16 5.860341e+15 0.000000e+00 3.912281e+16
8.770000e+02 3.293938e+16 5.727893e+15 4.336799e+13 3.871064e+16
8.780000e+02 3.282873e+16 5.767068e+15 0.000000e+00 3.859580e+16
8.790000e+02 3.273390e+16 5.649645e+15 1.671780e+13 3.840027e+16
8.800000e+02 3.252723e+16 5.634734e+15 0.000000e+00 3.816196e+16
8.810000e+02 3.244783e+16 5.565215e+15 4.427428e+13 3.805732e+16
8.820000e+02 3.254876e+16 5.621725e+15 0.000000e+00 3.817048e+16
8.830000e+02 3.226931e+16 5.812727e+15 4.199612e+13 3.812403e+16
8.840000e+02 3.235094e+16 5.750988e+15 0.000000e+00 3.810193e+16
8.850000e+02 3.223063e+16 5.787850e+15 0.000000e+00 3.801848e+16
8.860000e+02 3.232825e+16 5.645210e+15 8.118938e+12 3.798158e+16
8.870000e+02 3.218431e+16 5.768037e+15 0.000000e+00 3.795234e+16
8.880000e+02 3.176271e+16 5.868433e+15 2.007581e+13 3.765122e+16
8.890000e+02 3.114728e+16 5.942228e+15 0.000000e+00 3.708951e+16
8.900000e+02 3.088884e+16 5.908643e+15 0.000000e+00 3.679748e+16
8.910000e+02 3.067934e+16 5.924920e+15 0.000000e+00 3.660426e+16
8.920000e+02 3.089469e+16 5.935779e+15 0.000000e+00 3.683047e+16
8.930000e+02 3.030242e+16 6.109030e+15 2.086679e+13 3.643231e+16
8.940000e+02 2.985062e+16 6.193408e+15 2.189506e+13 3.606592e+16
8.950000e+02 2.997304e+16 6.130652e+15 2.877065e+13 3.613246e+16
8.960000e+02 3.050177e+16 6.143210e+15 0.000000e+00 3.664498e+16
8.970000e+02 3.051992e+16 6.042180e+15 2.040098e+13 3.658250e+16
8.980000e+02 3.039253e+16 6.236990e+15 0.000000e+00 3.662952e+16
8.990000e+02 3.032360e+16 6.401869e+15 2.213278e+13 3.674761e+16
9.000000e+02 3.039378e+16 6.476528e+15 0.000000e+00 3.687031e+16
9.010000e+02 2.999678e+16 6.590041e+15 0.000000e+00 3.658682e+16
9.020000e+02 2.997710e+16 6.649517e+15 0.000000e+00 3.662662e+16
9.030000e+02 2.961790e+16 6.677652e+15 2.808109e+13 3.632363e+16
9.040000e+02 3.008597e+16 6.698902e+15 3.635376e+13 3.682123e+16
9.050000e+02 2.999081e+16 6.684107e+15 3.013671e+13 3.670505e+16
9.060000e+02 3.006069e+16 6.729432e+15 2.948252e+13 3.681961e+16
9.070000e+02 3.031016e+16 6.821375e+15 2.219106e+13 3.715373e+16
9.080000e+02 3.020273e+16 6.946703e+15 2.946806e+13 3.717890e+16
9.090000e+02 3.033828e+16 6.888766e+15 0.000000e+00 3.722704e+16
9.100000e+02 3.044404e+16 6.838697e+15 0.000000e+00 3.728274e+16
9.110000e+02 3.055332e+16 6.633068e+15 0.000000e+00 3.718639e+16
9.120000e+02 3.096034e+16 6.437339e+15 0.000000e+00 3.739768e+16
9.130000e+02 3.152411e+16 6.341905e+15 0.000000e+00 3.786601e+16
9.140000e+02 3.177490e+16 6.538080e+15 0.000000e+00 3.831298e+16
9.150000e+02 3.164444e+16 6.592010e+15 0.000000e+00 3.823645e+16
9.160000e+02 3.200189e+16 6.441782e+15 0.000000e+00 3.844367e+16
9.170000e+02 3.220238e+16 6.472734e+15 0.000000e+00 3.867511e+16
9.180000e+02 3.246320e+16 6.289964e+15 0.000000e+00 3.875317e+16
9.190000e+02 3.248595e+16 6.312824e+15 0.000000e+00 3.879877e+16
9.200000e+02 3.229978e+16 6.248680e+15 0.000000e+00 3.854846e+16
9.210000e+02 3.252088e+16 6.124052e+15 0.000000e+00 3.864494e+16
9.220000e+02 3.311270e+16 6.030878e+15 0.000000e+00 3.914358e+16
9.230000e+02 3.303273e+16 6.137146e+15 3.315480e+13 3.920303e+16
9.240000e+02 3.321058e+16 6.273408e+15 2.006465e+13 3.950405e+16
9.250000e+02 3.346303e+16 6.212482e+15 1.895815e+13 3.969447e+16
9.260000e+02 3.354192e+16 6.314534e+15 1.600060e+13 3.987245e+16
9.270000e+02 3.377508e+16 6.303208e+15 0.000000e+00 4.007829e+16
9.280000e+02 3.438622e+16 6.133365e+15 1.268240e+13 4.053227e+16
9.290000e+02 3.511527e+16 6.287029e+15 0.000000e+00 4.140230e+16
9.300000e+02 3.601077e+16 6.129609e+15 1.814823e+13 4.215853e+16
9.310000e+02 3.626964e+16 6.002785e+15 5.470042e+13 4.232713e+16
9.320000e+02 3.594607e+16 6.208225e+15 0.000000e+00 4.215430e+16
9.330000e+02 3.511684e+16 6.421515e+15 1.564676e+13 4.155400e+16
9.340000e+02 3.540195e+16 6.190093e+15 0.000000e+00 4.159204e+16
9.350000e+02 3.514935e+16 6.287615e+15 1.295169e+13 4.144991e+16
9.360000e+02 3.490622e+16 6.258300e+15 0.000000e+00 4.116452e+16
9.370000e+02 3.502155e+16 6.275788e+15 2.070153e+13 4.131804e+16
9.380000e+02 3.532460e+16 6.309516e+15 0.000000e+00 4.163412e+16
9.390000e+02 3.514133e+16 6.405175e+15 2.556107e+13 4.157207e+16
9.400000e+02 3.493144e+16 6.376766e+15 2.235398e+13 4.133056e+16
9.410000e+02 3.505230e+16 6.467708e+15 2.602432e+13 4.154603e+16
9.420000e+02 3.491164e+16 6.331958e+15 1.848214e+13 4.126208e+16
9.430000e+02 3.471537e+16 6.310369e+15 7.234452e+13 4.109809e+16
9.440000e+02 3.436059e+16 6.376512e+15 2.953031e+13 4.076663e+16
9.450000e+02 3.381894e+16 6.705645e+15 0.000000e+00 4.052459e+16
9.460000e+02 3.391356e+16 6.559173e+15 2.278368e+13 4.049552e+16
9.470000e+02 3.410629e+16 6.553054e+15 4.203740e+13 4.070138e+16
9.480000e+02 3.391169e+16 6.748886e+15 4.240232e+13 4.070298e+16
9.490000e+02 3.408648e+16 6.674883e+15 0.000000e+00 4.076136e+16
9.500000e+02 3.451368e+16 6.639229e+15 0.000000e+00 4.115291e+16
9.510000e+02 3.465867e+16 6.738502e+15 0.000000e+00 4.139717e+16
9.520000e+02 3.458556e+16 6.822942e+15 1.409474e+13 4.142260e+16
9.530000e+02 3.450916e+16 6.937053e+15 3.749895e+13 4.148371e+16
9.540000e+02 3.485708e+16 6.910029e+15 4.492783e+13 4.181204e+16
9.550000e+02 3.503929e+16 6.811571e+15 3.177657e+13 4.188264e+16
9.560000e+02 3.528189e+16 6.794975e+15 5.722891e+13 4.213409e+16
9.570000e+02 3.548377e+16 6.745001e+15 5.833414e+13 4.228710e+16
9.580000e+02 3.529431e+16 6.861796e+15 2.543934e+13 4.218154e+16
9.590000e+02 3.518312e+16 6.785212e+15 2.555400e+13 4.199389e+16
9.600000e+02 3.510049e+16 6.842844e+15 5.485976e+13 4.199820e+16
9.610000e+02 3.529723e+16 6.847904e+15 4.350890e+13 4.218864e+16
9.620000e+02 3.575817e+16 6.739478e+15 0.000000e+00 4.249765e+16
9.630000e+02 3.590417e+16 6.823445e+15 0.000000e+00 4.272761e+16
9.640000e+02 3.625924e+16 6.795397e+15 0.000000e+00 4.305464e+16
9.650000e+02 3.641507e+16 6.752127e+15 1.400249e+13 4.318120e+16
9.660000e+02 3.713066e+16 6.709801e+15 0.000000e+00 4.384046e+16
9.670000e+02 3.739675e+16 6.719895e+15 0.000000e+00 4.411664e+16
9.680000e+02 3.737420e+16 6.503997e+15 0.000000e+00 4.387820e+16
9.690000e+02 3.668572e+16 6.645735e+15 2.100231e+13 4.335245e+16
9.700000e+02 3.624098e+16 6.637276e+15 2.057715e+13 4.289883e+16
9.710000e+02 3.612555e+16 6.774588e+15 0.000000e+00 4.290013e+16
9.720000e+02 3.655322e+16 6.737763e+15 1.998284e+13 4.331096e+16
9.730000e+02 3.678545e+16 6.992284e+15 2.088678e+13 4.379862e+16
9.740000e+02 3.703618e+16 7.149028e+15 2.114804e+13 4.420636e+16
9.750000e+02 3.678607e+16 7.142332e+15 1.805317e+13 4.394645e+16
9.760000e+02 3.693998e+16 7.217102e+15 5.870475e+13 4.421579e+16
9.770000e+02 3.728142e+16 7.161693e+15 5.920757e+13 4.450232e+16
9.780000e+02 3.722501e+16 7.341736e+15 4.564072e+13 4.461239e+16
9.790000e+02 3.709088e+16 7.328008e+15 4.051512e+13 4.445940e+16
9.800000e+02 3.765226e+16 7.311762e+15 5.375408e+13 4.501777e+16
9.810000e+02 3.803214e+16 7.278941e+15 6.387749e+13 4.537496e+16
9.820000e+02 3.776348e+16 7.380304e+15 4.900254e+13 4.519279e+16
9.830000e+02 3.786732e+16 7.463161e+15 3.169528e+13 4.536217e+16
9.840000e+02 3.773812e+16 7.516354e+15 1.636628e+13 4.527084e+16
9.850000e+02 3.816819e+16 7.370440e+15 3.465903e+13 4.557329e+16
9.860000e+02 3.777431e+16 7.615085e+15 0.000000e+00 4.538940e+16
9.870000e+02 3.790618e+16 7.494887e+15 8.016025e+13 4.548123e+16
9.880000e+02 3.769383e+16 7.456987e+15 1.048002e+14 4.525561e+16
9.890000e+02 3.791546e+16 7.317231e+15 6.958416e+13 4.530228e+16
9.900000e+02 3.772332e+16 7.152727e+15 6.303641e+13 4.493908e+16
9.910000e+02 3.712186e+16 7.193654e+15 1.076704e+14 4.442318e+16
9.920000e+02 3.781013e+16 6.708407e+15 0.000000e+00 4.451853e+16
9.930000e+02 3.775103e+16 6.683081e+15 2.058931e+13 4.445470e+16
9.940000e+02 3.704135e+16 6.645787e+15 1.475462e+13 4.370189e+16
9.950000e+02 3.678458e+16 6.575545e+15 3.324758e+13 4.339337e+16
9.960000e+02 3.668490e+16 6.505836e+15 1.904426e+13 4.320978e+16
9.970000e+02 3.657869e+16 6.583523e+15 1.307690e+13 4.317529e+16
9.980000e+02 3.693380e+16 6.608659e+15 0.000000e+00 4.354246e+16
9.990000e+02 3.652944e+16 6.640267e+15 1.068362e+13 4.318039e+16
1.000000e+03 3.649684e+16 6.718994e+15 3.938012e+13 4.325522e+16
